dis,phi,reg_phi,kdp,reg_kdp,kdp_lsf
1.0875,29.13,18.87,-136.80000000000007,0.0,
1.1625,8.61,18.87,376.9333333333336,88.27592592592602,
1.2374999999999998,65.15,32.1113888888889,-244.73333333333352,0.0,
1.3125,28.44,32.1113888888889,26.199999999999918,0.0,15.7635582010582
1.3875,32.37,32.1113888888889,-28.066666666666748,0.0,9.45813492063493
1.4625,28.16,32.1113888888889,-10.999999999999964,0.0,0.0
1.5375,26.51,32.1113888888889,28.46666666666668,0.0,5.210768395716264e-15
1.6124999999999998,30.78,32.1113888888889,0.4666666666666688,0.0,0.0
1.6875,30.85,32.1113888888889,-6.3333333333333375,0.0,1.4240174893476849e-15
1.7625,29.9,32.1113888888889,-15.200000000000038,0.0,0.0
1.8375,27.62,32.1113888888889,16.999999999999964,0.0,0.0
1.9125,30.17,32.1113888888889,7.333333333333323,0.0,9.676974738796072e-15
1.9875,31.27,32.1113888888889,19.666666666666675,0.0,0.0
2.0625,34.22,32.1113888888889,-0.4000000000000142,0.0,0.0
2.1375,34.16,32.1113888888889,-7.9333333333333,0.0,0.0
2.2125000000000004,32.97,32.1113888888889,-11.13333333333336,0.0,0.0
2.2875,31.3,32.1113888888889,-2.2000000000000077,0.0,0.0
2.3625,30.97,32.1113888888889,-4.0,0.0,0.0
2.4375,30.37,32.1113888888889,12.733333333333304,0.0,0.0
2.5125,32.28,32.1113888888889,-1.1999999999999953,0.0,0.0
2.5875000000000004,32.1,32.1113888888889,-5.266666666666703,0.0,1.100152005762442e-14
2.6625,31.31,32.1113888888889,-7.866666666666646,0.0,0.0
2.7375,30.13,32.1113888888889,10.333333333333377,0.0,0.0
2.8125,31.68,32.1113888888889,6.066666666666677,0.0,0.0
2.8875,32.59,32.1113888888889,-22.66666666666663,0.0,0.0
2.9625000000000004,29.19,32.1113888888889,34.60000000000013,0.0,9.105696560609727e-16
3.0375,34.38,32.1113888888889,2.33333333333329,0.0,7.378047870347994e-15
3.1125,34.73,32.1113888888889,-26.3333333333334,0.0,2.6935480912526465e-15
3.1875,30.78,32.1113888888889,-2.066666666666677,0.0,7.154571566635434e-15
3.2625,30.47,32.1113888888889,16.333333333333314,0.0,0.0
3.3375000000000004,32.92,32.1113888888889,-9.200000000000047,0.0,1.422378737375804e-14
3.4125,31.54,32.1113888888889,6.066666666666677,0.0,8.899509349843261e-15
3.4875,32.45,32.1113888888889,-23.26666666666676,0.0,7.317588593513076e-15
3.5625,28.96,32.1113888888889,19.66666666666661,0.0,0.0
3.6375,31.91,32.1113888888889,3.5333333333333297,0.0,2.6517208004011455e-15
3.7125,32.44,32.1113888888889,-10.866666666666635,0.0,0.19900793650792706
3.7875,30.81,32.1113888888889,-4.533333333333321,0.0,0.33167989417988
3.8625,30.13,32.1113888888889,21.93333333333343,1.8574074074073668,0.4924801587301446
3.9375,33.42,32.39,-13.733333333333317,0.0,0.5554563492063427
4.0125,31.36,32.39,24.93333333333344,0.8816666666666637,0.5206084656084641
4.0875,35.1,32.52225,-1.0666666666666889,0.0,0.38793650793650564
4.1625,34.94,32.52225,-13.799999999999969,0.0,0.15744047619046983
4.237500000000001,32.87,32.52225,0.8000000000000285,0.0,0.09446428571429326
4.3125,32.99,32.52225,0.2666666666666635,0.0,0.0
4.387499999999999,33.03,32.52225,2.13333333333333,0.0,1.4952171901260856e-15
4.4625,33.35,32.52225,-2.266666666666684,0.0,6.978487856959639e-15
4.5375,33.01,32.52225,14.733333333333304,0.0,1.7367211683007348e-15
4.612500000000001,35.22,32.52225,-23.19999999999995,0.0,6.797767421853331e-15
4.6875,31.74,32.52225,7.266666666666735,0.0,0.0
4.762499999999999,32.83,32.52225,-0.9333333333333348,0.0,5.747930954751488e-16
4.8375,32.69,32.52225,22.26666666666664,0.0,0.0
4.9125,36.03,32.52225,-21.79999999999997,0.0,0.0
4.987500000000001,32.76,32.52225,0.0666666666667006,0.0,0.0
5.0625,32.77,32.52225,2.866666666666692,0.0,0.0
5.137499999999999,33.2,32.52225,-6.466666666666691,0.0,7.836221334953596e-16
5.2125,32.23,32.52225,4.866666666666681,0.0,4.8854391004840556e-17
5.2875,32.96,32.52225,5.79999999999997,0.0,5.280472814682769e-15
5.362500000000001,33.83,32.52225,-32.86666666666659,0.0,0.0
5.4375,28.9,32.52225,17.200000000000177,0.0,0.0
5.512499999999999,31.48,32.52225,-1.4000000000000024,0.0,6.4433784352299976e-15
5.5875,31.27,32.52225,5.533333333333332,0.0,0.0
5.6625,32.1,32.52225,5.933333333333323,0.0,0.0
5.737500000000001,32.99,32.52225,4.133333333333306,0.0,2.44872108891877e-15
5.8125,33.61,32.52225,-22.86666666666688,0.0,1.7818331103560502e-15
5.887499999999999,30.18,32.52225,27.8666666666666,0.0,0.0
5.9625,34.36,32.52225,-19.86666666666662,0.0,0.0
6.0375,31.38,32.52225,12.599999999999998,0.0,5.721838555060728e-15
6.112500000000001,33.27,32.52225,-5.86666666666667,0.0,0.0
6.1875,32.39,32.52225,-4.000000000000047,0.0,0.0
6.262499999999999,31.79,32.52225,1.8666666666666696,0.0,6.929672932704793e-15
6.3375,32.07,32.52225,-7.133333333333319,0.0,3.746933176460883e-15
6.4125,31.0,32.52225,17.73333333333327,0.0,0.0
6.487500000000001,33.66,32.52225,-19.799999999999923,0.0,0.0
6.5625,30.69,32.52225,10.533333333333443,0.0,0.0
6.637499999999999,32.27,32.52225,-6.733333333333328,0.0,0.0
6.7125,31.26,32.52225,4.799999999999981,0.0,0.0
6.7875,31.98,32.52225,-15.399999999999954,0.0,7.34896015981574e-15
6.862500000000001,29.67,32.52225,13.999999999999952,0.0,0.11803571428573027
6.9375,31.77,32.52225,-3.4666666666666965,0.0,0.1967261904761829
7.012499999999999,31.25,32.52225,19.39999999999993,1.1016666666666663,0.23607142857142233
7.0875,34.16,32.6875,-11.733333333333292,0.0,0.23607142857144392
7.1625,32.4,32.6875,-5.199999999999972,0.0,0.7428996598639406
7.237499999999999,31.62,32.6875,6.333333333333464,0.0,1.0283248299319785
7.312499999999999,32.57,32.6875,26.533333333332937,5.097619047618947,1.0923469387755083
7.387499999999999,36.55,33.45214285714285,-23.266666666666577,0.0,1.0923469387754852
7.4625,33.06,33.45214285714285,10.533333333333298,0.0,0.9102891156462504
7.5375,34.64,33.45214285714285,-8.866666666666635,0.0,0.5461734693877625
7.612499999999999,33.31,33.45214285714285,6.733333333333464,0.0,0.0
7.687499999999999,34.32,33.45214285714285,-5.466666666666591,0.0,6.7174057962014955e-15
7.762499999999999,33.5,33.45214285714285,-2.8000000000000047,0.0,3.0200845805550882e-15
7.8375,33.08,33.45214285714285,-2.666666666666651,0.0,0.0
7.9125,32.68,33.45214285714285,4.866666666666634,0.0,0.0
7.987499999999999,33.41,33.45214285714285,14.733333333333652,0.0,1.0570432083856005e-14
8.0625,35.62,33.45214285714285,-18.133333333333063,0.0,1.182410171693975e-14
8.1375,32.9,33.45214285714285,-8.600000000000076,0.0,5.518551214975108e-15
8.212499999999999,31.61,33.45214285714285,-4.333333333333365,0.0,1.0663265306122702
8.287499999999998,30.96,33.45214285714285,11.533333333333148,0.0,1.7772108843537675
8.362499999999999,32.69,33.45214285714285,16.00000000000019,9.952380952381075,2.132653061224491
8.4375,35.09,34.945,8.199999999999863,0.0,2.1326530612245187
8.5125,36.32,34.945,-9.800000000000086,0.0,2.3474489795918574
8.587499999999999,34.85,34.945,-8.86666666666674,0.0,2.0167233560090816
8.662499999999998,33.52,34.945,15.333333333333096,5.322222222222138,1.1404761904761924
8.737499999999999,35.82,35.74333333333333,6.800000000000085,0.0,1.1404761904761964
8.8125,36.84,35.74333333333333,1.799999999999948,0.0,0.9503968253968383
8.8875,37.11,35.74333333333333,-24.200000000000248,0.0,0.570238095238081
8.962499999999999,33.48,35.74333333333333,17.00000000000019,0.0,0.37619047619047735
9.037499999999998,36.03,35.74333333333333,-5.666666666666596,0.0,0.7198412698412859
9.1125,35.18,35.74333333333333,7.266666666666586,3.511111111111089,0.9071428571428656
9.1875,36.27,36.27,1.2000000000000095,0.8666666666666919,1.7904761904761926
9.2625,36.45,36.400000000000006,-0.6666666666666666,0.0,2.2333333333332983
9.3375,36.35,36.400000000000006,16.866666666667232,7.955555555555737,2.235714285714289
9.412499999999998,38.88,37.59333333333333,-1.3333333333333333,0.0,3.0023809523809235
9.4875,38.68,37.59333333333333,-23.066666666666343,0.0,4.557142857142788
9.5625,35.22,37.59333333333333,27.06666666666694,11.244444444444603,5.757142857142877
9.6375,39.28,39.28,10.533333333333172,10.533333333333172,5.690476190476247
9.7125,40.86,40.86,20.86666666666737,5.73333333333352,5.493650793650805
9.787499999999998,43.99,41.72,-24.86666666666634,0.0,6.108163265306131
9.8625,40.26,41.72,4.333333333333262,0.0,5.142176870748292
9.9375,40.91,41.72,39.4000000000004,16.74285714285732,4.202040816326534
10.0125,46.82,44.23142857142857,-15.333333333333096,0.0,3.5877551020408243
10.0875,44.52,44.23142857142857,-13.200000000000465,0.0,2.989795918367331
10.162499999999998,42.54,44.23142857142857,13.066666666666489,0.0,1.7938775510204048
10.2375,44.5,44.23142857142857,1.666666666666643,0.0,0.0
10.3125,44.75,44.23142857142857,-14.266666666666806,0.0,1.3346938775510246
10.3875,42.61,44.23142857142857,8.466666666666567,0.0,2.88520408163268
10.4625,43.88,44.23142857142857,14.800000000000484,12.45714285714327,3.77057823129257
10.537499999999998,46.1,46.1,11.799999999999804,6.16666666666656,4.758673469387857
10.6125,47.87,47.025,-11.266666666666492,0.0,4.825680272108847
10.6875,46.18,47.025,17.533333333333516,7.166666666666753,3.9715986394557685
10.7625,48.81,48.1,4.19999999999991,0.0,3.153571428571405
10.8375,49.44,48.1,-22.600000000000755,0.0,3.082142857142857
10.912499999999998,46.05,48.1,22.59999999999968,8.933333333333183,3.2755952380952875
10.9875,49.44,49.44,1.9333333333333005,1.9333333333333005,2.7422619047618877
11.0625,49.73,49.73,5.46666666666672,2.316666666666713,2.5059523809523894
11.1375,50.55,50.0775,1.3999999999999857,0.0,1.7988095238095367
11.2125,50.76,50.0775,-3.333333333333444,0.0,2.894940476190464
11.287499999999998,50.26,50.0775,-10.133333333333162,0.0,4.038392857142921
11.3625,48.74,50.0775,56.93333333333252,21.224999999999675,4.548214285714221
11.4375,57.28,53.26125,-42.33333333333374,0.0,4.548214285714319
11.5125,50.93,53.26125,28.46666666666628,0.0,3.7901785714285534
11.5875,55.2,53.26125,-0.6000000000000426,0.0,2.2741071428571256
11.662499999999998,55.11,53.26125,-39.06666666666611,0.0,0.0
11.7375,49.25,53.26125,21.66666666666636,0.0,0.0
11.8125,52.5,53.26125,9.200000000000104,0.0,0.5205357142857111
11.8875,53.88,53.26125,-12.933333333333184,0.0,1.7497023809523944
11.9625,51.94,53.26125,13.666666666667147,4.858333333333529,2.511309523809555
12.037499999999998,53.99,53.99,13.13333333333314,8.233333333333212,2.928571428571479
12.1125,55.96,55.225,-9.799999999999851,0.0,2.8372023809524385
12.1875,54.49,55.225,22.400000000000208,1.150000000000007,2.237202380952407
12.2625,57.85,55.3975,-19.79999999999971,0.0,1.1285714285714321
12.3375,54.88,55.3975,-2.200000000000109,0.0,0.9571428571428522
12.412499999999998,54.55,55.3975,-1.5999999999999432,0.0,1.9047619047619249
12.4875,54.31,55.3975,14.266666666666469,7.0166666666665805,2.3845238095238335
12.5625,56.45,56.45,15.000000000000142,4.933333333333346,2.560714285714309
12.6375,58.7,57.19,-7.5333333333332435,0.0,2.5680555555555413
12.7125,57.57,57.19,-15.133333333333857,0.0,2.0626322751322728
12.787499999999998,55.3,57.19,23.99999999999967,2.407407407407394,1.0444444444444254
12.8625,58.9,57.55111111111111,0.4000000000000094,0.0,0.5158730158730044
12.9375,58.96,57.55111111111111,-6.200000000000057,0.0,0.4298941798941892
13.0125,58.03,57.55111111111111,-13.866666666666458,0.0,0.25793650793650674
13.0875,55.95,57.55111111111111,14.46666666666711,0.0,3.9117115441415125e-14
13.162499999999998,58.12,57.55111111111111,10.53333333333322,0.0,1.2768340582808385e-15
13.2375,59.7,57.55111111111111,-18.333333333333076,0.0,2.1200296403475637e-14
13.3125,56.95,57.55111111111111,2.066666666666654,0.0,1.3670634920634848
13.3875,57.26,57.55111111111111,-21.133333333332995,0.0,2.278439153439193
13.4625,54.09,57.55111111111111,47.53333333333488,12.7592592592597,2.7948412698412866
13.537499999999998,61.22,59.465,-23.39999999999965,0.0,4.049603174603161
13.6125,57.71,59.465,12.266666666666469,0.5666666666666169,4.4236772486772065
13.6875,59.55,59.55,15.533333333333516,11.33333333333346,4.143253968253945
13.7625,61.88,61.25,-8.399999999999915,0.0,2.9067460317460854
13.8375,60.62,61.25,10.466666666667017,2.111111111111156,2.5369047619047613
13.912499999999998,62.19,61.56666666666666,9.866666666666552,0.0,2.0333333333333465
13.9875,63.67,61.56666666666666,-32.199999999999534,0.0,2.6785714285713937
14.0625,58.84,61.56666666666666,21.60000000000017,3.4222222222222687,3.7769841269841553
14.1375,62.08,62.08,24.599999999999635,15.777777777777509,4.114285714285759
14.2125,65.77,64.44666666666666,3.2000000000001325,0.0,4.038492063492031
14.287499999999998,66.25,64.44666666666666,-32.8666666666662,0.0,3.2615079365079414
14.3625,61.32,64.44666666666666,46.26666666666604,0.4333333333334067,1.783333333333347
14.4375,68.26,64.51166666666667,-31.800000000001077,0.0,0.09285714285715196
14.5125,63.49,64.51166666666667,-2.599999999999905,0.0,0.07738095238097703
14.5875,63.1,64.51166666666667,7.866666666666926,0.0,0.046428571428557976
14.662499999999998,64.28,64.51166666666667,-5.466666666666591,0.0,0.43184523809521574
14.7375,63.46,64.51166666666667,6.799999999999924,0.0,0.7197420634920254
14.8125,64.48,64.51166666666667,16.533333333333815,4.030555555555623,0.8636904761904376
14.8875,66.96,65.11625,-23.866666666665704,0.0,0.8636904761904378
14.9625,63.38,65.11625,13.866666666667069,0.0,0.7197420634920593
15.037499999999998,65.46,65.11625,3.333333333333286,0.0,0.431845238095225
15.1125,65.96,65.11625,0.1333333333333996,0.0,5.465239231714128e-15
15.1875,65.98,65.11625,-7.066666666666916,0.0,0.0
15.2625,64.92,65.11625,-0.7333333333333018,0.0,0.988392857142878
15.3375,64.81,65.11625,-9.000000000000307,0.0,1.754464285714284
15.412499999999998,63.46,65.11625,20.26666666666637,9.22499999999991,2.4172619047619412
15.4875,66.5,66.5,1.0000000000000238,1.0000000000000238,2.6275793650793786
15.5625,66.65,66.65,16.866666666667232,2.444444444444481,2.3854166666666505
15.6375,69.18,67.01666666666667,-24.06666666666585,0.0,1.8645833333333237
15.7125,65.57,67.01666666666667,4.866666666666855,0.0,0.8556190476190252
15.787499999999998,66.3,67.01666666666667,6.399999999999962,1.6222222222222396,0.6466666666666301
15.8625,67.26,67.26,5.066666666666534,0.2079999999997965,0.39219047619044745
15.9375,68.02,67.29119999999998,-6.866666666666902,0.0,0.33425396825393033
16.0125,66.99,67.29119999999998,24.06666666666575,0.0,0.21095238095232724
16.0875,70.6,67.29119999999998,-16.666666666666824,0.0,0.022285714285670968
16.1625,68.1,67.29119999999998,8.000000000000094,0.0,0.0
16.237499999999997,69.3,67.29119999999998,7.13333333333345,0.0,2.092820617208672e-14
16.3125,70.37,67.29119999999998,2.8666666666666445,0.0,6.087212895660167e-15
16.387499999999996,70.8,67.29119999999998,-13.600000000000076,0.0,0.0
16.4625,68.76,67.29119999999998,-1.4,0.0,7.313050275006618e-15
16.5375,68.55,67.29119999999998,-7.666666666666682,0.0,7.778650807162755e-15
16.612499999999997,67.4,67.29119999999998,2.8666666666666445,0.0,2.49655382073303e-14
16.6875,67.83,67.29119999999998,12.200000000000104,0.0,1.645174888863547e-15
16.762499999999996,69.66,67.29119999999998,0.8666666666667393,0.0,0.0
16.8375,69.79,67.29119999999998,0.5333333333333018,0.0,0.0
16.9125,69.87,67.29119999999998,-15.933333333333488,0.0,1.7526362213465743e-14
16.987499999999997,67.48,67.29119999999998,23.73333333333357,0.0,0.0
17.0625,71.04,67.29119999999998,-17.933333333333582,0.0,1.3909569787532051e-14
17.137499999999996,68.35,67.29119999999998,16.333333333333506,0.0,1.7199681231630863e-14
17.2125,70.8,67.29119999999998,-30.866666666665463,0.0,2.3723581193696864e-14
17.2875,66.17,67.29119999999998,11.266666666666758,0.0,0.0
17.362499999999997,67.86,67.29119999999998,18.133333333333496,0.0,0.0
17.4375,70.58,67.29119999999998,-27.266666666666943,0.0,0.0
17.512499999999996,66.49,67.29119999999998,-2.0,0.0,0.0
17.5875,66.19,67.29119999999998,2.199999999999905,0.0,0.0
17.6625,66.52,67.29119999999998,7.733333333333478,0.0,0.0
17.737499999999997,67.68,67.29119999999998,6.46666666666672,0.0,0.0
17.8125,68.65,67.29119999999998,-8.93333333333344,0.0,0.0
17.887499999999996,67.31,67.29119999999998,-23.2666666666669,0.0,0.0
17.9625,63.82,67.29119999999998,13.73333333333278,0.0,1.3087748640145654e-14
18.0375,65.88,67.29119999999998,4.733333333333431,0.0,0.0
18.1125,66.59,67.29119999999998,-5.266666666666758,0.0,9.623947417001922e-15
18.1875,65.8,67.29119999999998,-9.999999999999622,0.0,0.0
18.262500000000003,64.3,67.29119999999998,26.06666666666689,0.0,3.682207663475412e-15
18.3375,68.21,67.29119999999998,-23.53333333333347,0.0,0.0
18.4125,64.68,67.29119999999998,47.93333333333377,0.0,0.0
18.4875,71.87,67.29119999999998,-33.93333333333368,0.0,1.4726845041538683e-15
18.5625,66.78,67.29119999999998,-36.26666666666528,0.0,1.145684362553285e-15
18.637500000000003,61.34,67.29119999999998,12.200000000000104,0.0,0.0
18.7125,63.17,67.29119999999998,-2.400000000000019,0.0,2.6221569327032827e-14
18.7875,62.81,67.29119999999998,36.3333333333337,0.0,0.0
18.8625,68.26,67.29119999999998,-30.53333333333366,0.0,2.121260377230409e-15
18.9375,63.68,67.29119999999998,12.59999999999948,0.0,1.2890361733209285e-15
19.012500000000003,65.57,67.29119999999998,-7.666666666666682,0.0,0.0
19.0875,64.42,67.29119999999998,10.400000000000114,0.0,8.321249976846712e-15
19.1625,65.98,67.29119999999998,11.400000000000066,0.0,7.184727081063392e-15
19.2375,67.69,67.29119999999998,17.000000000000142,0.0,5.0602742854586206e-15
19.3125,70.24,67.29119999999998,-30.666666666665467,0.0,1.974302972550127e-14
19.387500000000003,65.64,67.29119999999998,16.466666666666814,0.0,0.0
19.4625,68.11,67.29119999999998,-35.000000000000334,0.0,0.29021428571430774
19.5375,62.86,67.29119999999998,18.933333333333536,0.0,0.4836904761905086
19.6125,65.7,67.29119999999998,19.466666666666864,2.708666666666893,0.5804285714286209
19.6875,68.62,67.6975,-6.866666666666414,0.0,0.5804285714286049
19.762500000000003,67.59,67.6975,-4.533333333333422,0.0,0.5973809523810072
19.8375,66.91,67.6975,5.066666666666749,0.0,0.4796984126984183
19.9125,67.67,67.6975,4.866666666666739,1.0611111111111036,0.22738095238094594
19.9875,68.4,67.85666666666667,-1.466666666666673,0.0,0.42261904761902885
20.0625,68.18,67.85666666666667,-7.933333333333112,0.0,0.7869588744588681
20.137500000000003,66.99,67.85666666666667,7.600000000000076,1.8222222222221929,0.9576298701298345
20.2125,68.13,68.13,11.200000000000152,2.5393939393940226,0.9346320346320603
20.2875,69.81,68.5109090909091,-8.333333333333412,0.0,0.8695526695526914
20.3625,68.56,68.5109090909091,-3.9333333333333935,0.0,0.6487012987012839
20.4375,67.97,68.5109090909091,15.133333333332732,0.0,0.2720779220779074
20.512500000000003,70.24,68.5109090909091,-15.266666666666758,0.0,4.157841853516376e-15
20.5875,67.95,68.5109090909091,-0.533333333333327,0.0,0.0
20.6625,67.87,68.5109090909091,-3.733333333333384,0.0,6.551432792041605e-15
20.7375,67.31,68.5109090909091,7.866666666666692,0.0,0.0
20.8125,68.49,68.5109090909091,2.3999999999999053,0.0,0.0
20.887500000000003,68.85,68.5109090909091,4.600000000000123,0.0,0.5388595779220646
20.9625,69.54,68.5109090909091,-16.733333333333526,0.0,0.8980992965367736
21.0375,67.03,68.5109090909091,41.000000000000426,5.029356060606034,1.0777191558441424
21.1125,73.18,69.2653125,-34.20000000000039,0.0,1.0777191558441408
21.1875,68.05,69.2653125,-0.7333333333333018,0.0,0.8980992965367743
21.262500000000003,67.94,69.2653125,10.066666666666796,0.0,0.5388595779220722
21.3375,69.45,69.2653125,7.733333333333384,0.0,0.0
21.4125,70.61,69.2653125,-22.2000000000002,0.0,0.0
21.4875,67.28,69.2653125,25.466666666666864,0.0,3.138875188944382e-16
21.5625,71.1,69.2653125,-4.133333333333113,0.0,0.0
21.637500000000003,70.48,69.2653125,-0.8000000000000379,0.0,0.0
21.7125,70.36,69.2653125,-6.866666666666739,0.0,0.0
21.7875,69.33,69.2653125,18.266666666666804,0.0,1.6119996226722776e-14
21.8625,72.07,69.2653125,-9.666666666666682,0.0,1.8945537808424655e-14
21.9375,70.62,69.2653125,-3.2666666666666035,0.0,0.0
22.012500000000003,70.13,69.2653125,0.3333333333334123,0.0,0.0
22.0875,70.18,69.2653125,-16.46666666666691,0.0,4.362463867187833e-15
22.1625,67.71,69.2653125,2.800000000000038,0.0,0.0
22.2375,68.13,69.2653125,13.60000000000017,0.0,2.8041668539655735e-15
22.3125,70.17,69.2653125,-3.533333333333207,0.0,0.0
22.387500000000003,69.64,69.2653125,1.6666666666666825,0.0,0.0
22.4625,69.89,69.2653125,-7.333333333333365,0.0,1.47758138180943e-14
22.5375,68.79,69.2653125,-20.73333333333353,0.0,0.0
22.6125,65.68,69.2653125,24.00000000000019,0.0,1.0748966803571457e-14
22.6875,69.28,69.2653125,-3.533333333333207,0.0,0.0
22.762500000000003,68.75,69.2653125,-7.400000000000066,0.0,1.298413881721829e-14
22.8375,67.64,69.2653125,7.200000000000057,0.0,1.4100876185016931e-14
22.9125,68.72,69.2653125,13.733333333333478,0.0,9.120929427396661e-15
22.9875,70.78,69.2653125,-6.133333333333403,0.0,2.244232864248595e-14
23.0625,69.86,69.2653125,4.666666666666509,0.0,0.0
23.137500000000003,70.56,69.2653125,-26.800000000000228,0.0,0.0
23.2125,66.54,69.2653125,11.066666666666748,0.0,3.617082509580413e-14
23.2875,68.2,69.2653125,0.9999999999999526,0.0,0.28191964285712395
23.3625,68.35,69.2653125,-8.86666666666674,0.0,0.5889136904761847
23.4375,67.02,69.2653125,17.599999999999337,2.631249999999923,0.7622519841270005
23.512500000000003,69.66,69.66,7.000000000000047,1.1111111111111531,0.8019345238095558
23.5875,70.71,69.82666666666667,-8.933333333333346,0.0,0.707961309523807
23.6625,69.37,69.82666666666667,4.400000000000019,0.0,0.4803323412698455
23.7375,70.03,69.82666666666667,5.333333333333365,0.0,0.11904761904762444
23.8125,70.83,69.82666666666667,-7.733333333333017,0.0,8.783031339244214e-15
23.887500000000003,69.67,69.82666666666667,-3.5333333333333745,0.0,8.116737566378608e-16
23.9625,69.14,69.82666666666667,4.800000000000038,0.0,6.667084189920575e-15
24.0375,69.86,69.82666666666667,-5.133333333333355,0.0,1.0095238095238726
24.1125,69.09,69.82666666666667,4.333333333333318,0.0,1.68253968253968
24.1875,69.74,69.82666666666667,18.266666666666037,9.422222222221729,2.019047619047561
24.262500000000003,72.48,71.23999999999998,-4.266666666666711,0.0,2.019047619047626
24.3375,71.84,71.23999999999998,-3.0000000000000475,0.0,1.6825396825396628
24.4125,71.39,71.23999999999998,-6.933333333333441,0.0,1.3130952380952143
24.4875,70.35,71.23999999999998,-1.3999999999999715,0.0,0.5059523809523807
24.5625,70.14,71.23999999999998,26.333333333332355,2.833333333333302,0.607142857142891
24.637500000000003,74.09,71.66499999999999,-3.1333333333333555,0.0,0.6071428571428806
24.7125,73.62,71.66499999999999,-17.600000000000172,0.0,0.5059523809523786
24.7875,70.98,71.66499999999999,4.133333333333308,0.0,0.30357142857140174
24.8625,71.6,71.66499999999999,-17.400000000000162,0.0,0.7223214285714118
24.9375,68.99,71.66499999999999,11.466666666666224,0.0,1.2038690476190959
25.012500000000003,70.71,71.66499999999999,17.80000000000018,6.741666666666757,1.4446428571428627
25.0875,73.38,72.67625,5.200000000000057,0.0,1.444642857142816
25.1625,74.16,72.67625,-2.8666666666666445,0.0,1.2038690476190317
25.2375,73.73,72.67625,-14.200000000000198,0.0,0.7223214285714236
25.3125,71.6,72.67625,-0.3333333333333017,0.0,0.0
25.387500000000003,71.55,72.67625,18.46666666666681,0.0,1.7004119564486643e-14
25.4625,74.32,72.67625,-10.600000000000028,0.0,0.10676020408163275
25.5375,72.73,72.67625,-18.600000000000215,0.0,0.177933673469396
25.6125,69.94,72.67625,22.3333333333336,0.996428571428595,0.21352040816323653
25.6875,73.29,72.82571428571428,9.733333333332922,0.0,0.2135204081632938
25.762500000000003,74.75,72.82571428571428,6.400000000000019,0.0,0.17793367346939123
25.8375,75.71,72.82571428571428,-12.46666666666672,0.0,0.10676020408166755
25.9125,73.84,72.82571428571428,8.000000000000094,0.0,0.0
25.9875,75.04,72.82571428571428,-20.800000000000228,0.0,0.0
26.0625,71.92,72.82571428571428,7.466666666666414,0.0,1.573495059440483e-14
26.137500000000003,73.04,72.82571428571428,19.33333333333346,0.0,0.0
26.2125,75.94,72.82571428571428,-36.466666666667,0.0,0.0
26.2875,70.47,72.82571428571428,9.33333333333346,0.0,1.70535223819618e-14
26.3625,71.87,72.82571428571428,-19.80000000000018,0.0,0.0
26.4375,68.9,72.82571428571428,32.26666666666537,0.0,0.0
26.512500000000003,73.74,72.82571428571428,-26.06666666666689,0.0,0.5939159764324327
26.5875,69.83,72.82571428571428,9.266666666666758,0.0,0.9898599607207476
26.6625,71.22,72.82571428571428,33.06666666666703,5.543215780036003,1.1878319528648198
26.7375,76.18,73.65719665271968,-3.733333333333384,0.0,1.1878319528648362
26.8125,75.62,73.65719665271968,-17.33333333333273,0.0,0.9898599607207182
26.887500000000003,73.02,73.65719665271968,11.733333333333478,0.0,0.5939159764324385
26.9625,74.78,73.65719665271968,-12.333333333333412,0.0,9.549909150023931e-15
27.0375,72.93,73.65719665271968,-10.93333333333344,0.0,2.4544940120039442e-14
27.1125,71.29,73.65719665271968,25.066666666666844,0.0,0.0
27.1875,75.05,73.65719665271968,3.933333333333207,0.0,0.0
27.262500000000003,75.64,73.65719665271968,-12.333333333333412,0.0,1.8464722026267563e-14
27.3375,73.79,73.65719665271968,-7.400000000000066,0.0,5.281299767155419e-14
27.4125,72.68,73.65719665271968,36.26666666666699,0.0,0.0
27.4875,78.12,73.65719665271968,3.2666666666666635,0.0,0.0
27.5625,78.61,73.65719665271968,-76.19999999999706,0.0,0.0
27.637500000000003,67.18,73.65719665271968,1823.666666666684,0.0,0.0
27.7125,340.73,73.65719665271968,-1796.2666666666837,0.0,0.0
27.7875,71.29,73.65719665271968,39.06666666666703,0.0,6.8319888783534274e-15
27.8625,77.15,73.65719665271968,-57.40000000000054,0.0,0.0
27.9375,68.54,73.65719665271968,46.5333333333315,0.0,0.0
28.012500000000003,75.52,73.65719665271968,60.00000000000057,0.0,0.0
28.0875,84.52,73.65719665271968,-233.0666666666688,0.0,0.0
28.1625,49.56,73.65719665271968,118.26666666666776,0.0,0.0
28.2375,67.3,73.65719665271968,-4.333333333333318,0.0,1.2948326292209648e-14
28.3125,66.65,73.65719665271968,45.5333333333316,0.0,0.0
28.387500000000003,73.48,73.65719665271968,-14.533333333333516,0.0,0.0
28.4625,71.3,73.65719665271968,-3.5333333333333745,0.0,5.918792660946721e-15
28.5375,70.77,73.65719665271968,16.06666666666689,0.0,1.5885607419011678e-14
28.6125,73.18,73.65719665271968,-10.600000000000124,0.0,0.0
28.6875,71.59,73.65719665271968,-63.86666666666428,0.0,0.0
28.762500000000003,62.01,73.65719665271968,95.66666666666758,0.0,0.0
28.8375,76.36,73.65719665271968,11.400000000000066,0.0,3.57663772425246e-15
28.9125,78.07,73.65719665271968,-44.20000000000039,0.0,0.0
28.9875,71.44,73.65719665271968,7.600000000000076,0.0,0.0
29.0625,72.58,73.65719665271968,-28.93333333333226,0.0,2.3881960774776446e-14
29.137500000000003,68.24,73.65719665271968,-19.666666666666774,0.0,1.7991434628517424e-14
29.2125,65.29,73.65719665271968,19.200000000000152,0.0,1.3417813055483537e-14
29.2875,68.17,73.65719665271968,94.26666666666756,0.0,1.934602765874098e-16
29.3625,82.31,73.65719665271968,-78.06666666666746,0.0,2.6853311558163517e-14
29.4375,70.6,73.65719665271968,175.59999999999337,0.0,3.690409632627226e-14
29.512500000000003,96.94,73.65719665271968,-346.26666666666995,0.0,2.330172134339784e-15
29.5875,45.0,73.65719665271968,209.600000000002,0.0,0.0
29.6625,76.44,73.65719665271968,67.86666666666736,0.0,0.0
29.7375,86.62,73.65719665271968,-54.7333333333339,0.0,0.0
29.8125,78.41,73.65719665271968,-133.8666666666616,0.0,0.0
29.887500000000003,58.33,73.65719665271968,100.40000000000096,0.0,0.0
29.9625,73.39,73.65719665271968,31.06666666666694,0.0,0.0
30.0375,78.05,73.65719665271968,-94.7333333333342,0.0,8.915041176399043e-16
30.1125,63.84,73.65719665271968,19.80000000000018,0.0,0.0
30.1875,66.81,73.65719665271968,116.66666666666224,0.0,1.3935000205874154e-14
30.262500000000003,84.31,73.65719665271968,-84.9333333333342,0.0,0.0
30.3375,71.57,73.65719665271968,-52.000000000000426,0.0,1.5260984719659325e-14
30.4125,63.77,73.65719665271968,51.33333333333379,0.0,4.362903749602091e-14
30.4875,71.47,73.65719665271968,-19.26666666666685,0.0,0.0
30.5625,68.58,73.65719665271968,17.866666666666035,0.0,1.8318049850898668e-14
30.637500000000003,71.26,73.65719665271968,34.800000000000324,0.0,1.5722492582920064e-14
30.7125,76.48,73.65719665271968,17.000000000000142,0.0,0.0
30.7875,79.03,73.65719665271968,-11.53333333333347,0.0,1.839316503849724e-14
30.8625,77.3,73.65719665271968,-36.53333333333371,0.0,2.5081554254451796e-14
30.9375,71.82,73.65719665271968,-30.666666666665467,0.0,0.0
31.012500000000003,67.22,73.65719665271968,53.40000000000054,0.0,0.0
31.0875,75.23,73.65719665271968,13.200000000000056,0.0,0.0
31.1625,77.21,73.65719665271968,-127.06666666666784,0.0,6.879534843552236e-15
31.2375,58.15,73.65719665271968,79.06666666666746,0.0,1.8861163235115323e-14
31.3125,70.01,73.65719665271968,-6.19999999999981,0.0,0.0
31.387500000000003,69.08,73.65719665271968,9.53333333333347,0.0,0.0
31.4625,70.51,73.65719665271968,46.06666666666708,0.0,4.354921584246847e-14
31.5375,77.42,73.65719665271968,19.40000000000016,0.0,1.3049351097519342e-14
31.6125,80.33,73.65719665271968,-5.933333333333393,0.0,0.0
31.6875,79.44,73.65719665271968,-32.93333333333207,0.0,2.5388295128725376e-14
31.762500000000003,74.5,73.65719665271968,-27.46666666666696,0.0,0.0
31.8375,70.38,73.65719665271968,38.4000000000004,0.0,1.798166546999631e-14
31.9125,76.14,73.65719665271968,-8.93333333333344,0.0,1.7351946163373933e-14
31.9875,74.8,73.65719665271968,22.133333333333592,0.0,0.0
32.0625,78.12,73.65719665271968,-56.39999999999792,0.0,0.0
32.1375,69.66,73.65719665271968,112.59999999999572,0.0,0.0
32.212500000000006,86.55,73.65719665271968,-188.0666666666773,0.0,9.970340566284644e-15
32.2875,58.34,73.65719665271968,183.5333333333264,0.0,2.4004324494376177e-15
32.3625,85.87,73.65719665271968,-48.20000000000277,0.0,2.0985177937943567e-14
32.4375,78.64,73.65719665271968,-43.46666666666499,0.0,0.0
32.5125,72.12,73.65719665271968,-1.6,0.0,0.0
32.587500000000006,71.88,73.65719665271968,69.46666666667063,0.0,1.7150670680577418e-15
32.6625,82.3,73.65719665271968,-145.99999999999446,0.0,3.8061357251253056e-14
32.7375,60.4,73.65719665271968,-71.53333333333738,0.0,2.61658744386545e-14
32.8125,49.67,73.65719665271968,174.33333333332666,0.0,2.4789646280919687e-14
32.8875,75.82,73.65719665271968,-1.9999999999999047,0.0,0.0
32.962500000000006,75.52,73.65719665271968,-32.13333333333512,0.0,0.0
33.0375,70.7,73.65719665271968,124.66666666666195,0.0,1.2495274640768274e-14
33.1125,89.4,73.65719665271968,-63.86666666667038,0.0,1.4649804192566384e-14
33.1875,79.82,73.65719665271968,180.13333333332656,0.0,0.0
33.2625,106.84,73.65719665271968,-234.5999999999911,0.0,0.0
33.337500000000006,71.65,73.65719665271968,-16.866666666667633,0.0,0.0
33.4125,69.12,73.65719665271968,153.4666666666608,0.0,0.0
33.4875,92.14,73.65719665271968,-66.33333333333712,0.0,3.790277155770748e-14
33.5625,82.19,73.65719665271968,-114.73333333332894,0.0,1.1789567190946955e-14
33.6375,64.98,73.65719665271968,50.533333333331406,0.0,0.0
33.712500000000006,72.56,73.65719665271968,-32.0000000000018,0.0,0.0
33.7875,67.76,73.65719665271968,12.999999999999432,0.0,2.3722398947264534e-14
33.8625,69.71,73.65719665271968,54.33333333333646,0.0,2.494663086299198e-14
33.9375,77.86,73.65719665271968,20.866666666665846,0.0,0.0
34.0125,80.99,73.65719665271968,-55.19999999999792,0.0,1.8693445992298555e-14
34.087500000000006,72.71,73.65719665271968,50.46666666666958,0.0,5.451758375492941e-15
34.1625,80.28,73.65719665271968,-65.73333333333083,0.0,2.1572678314310734e-15
34.2375,70.42,73.65719665271968,110.73333333333964,0.0,0.0
34.3125,87.03,73.65719665271968,-50.66666666666471,0.0,0.0
34.3875,79.43,73.65719665271968,-149.26666666666105,0.0,0.0
34.462500000000006,57.04,73.65719665271968,110.73333333333969,0.0,0.0
34.5375,73.65,73.65719665271968,-12.333333333332924,0.0,1.4291007724719288e-14
34.6125,71.8,73.65719665271968,-17.33333333333428,0.0,0.0
34.6875,69.2,73.65719665271968,22.799999999999148,0.0,0.0
34.7625,72.62,73.65719665271968,97.7999999999963,0.0,0.0
34.837500000000006,87.29,73.65719665271968,-41.46666666666911,0.0,3.641269901985691e-15
35.212500000000006,81.07,73.65719665271968,-20.503703703703568,0.0,0.0
35.587500000000006,53.39,73.65719665271968,202.3333333333448,0.0,0.0
35.6625,83.74,73.65719665271968,-37.13333333333188,0.0,4.937162865614794e-15
35.7375,78.17,73.65719665271968,-101.86666666667246,0.0,0.0
35.8125,62.89,73.65719665271968,-64.99999999999754,0.0,0.0
35.8875,53.14,73.65719665271968,191.7333333333261,0.0,5.245343449961152e-15
36.0,81.9,73.65719665271968,-70.03333333333401,0.0,7.39191621366567e-16
36.1125,60.89,73.65719665271968,101.0666666666724,0.0,0.0
36.525,76.05,73.65719665271968,-5.2133333333333285,0.0,7.116654357735629e-16
36.9375,68.23,73.65719665271968,-104.26666666666272,0.0,9.357138396248987e-16
38.8875,52.59,73.65719665271968,1.562091503267976,0.0,0.0
40.8375,64.54,73.65719665271968,-30.333333333332213,0.0,4.907575168552228e-17
41.0625,59.99,73.65719665271968,25.439999999999987,0.0,8.575223290515377e-16
41.2875,79.07,73.65719665271968,-89.66666666666319,0.0,0.0
41.3625,65.62,73.65719665271968,-9.53333333333392,0.0,0.0
41.4375,64.19,73.65719665271968,70.39999999999735,0.0,0.0
41.5125,74.75,73.65719665271968,-66.40000000000373,0.0,4.850629526206879e-14
41.5875,64.79,73.65719665271968,107.53333333332922,0.0,1.943864312691307e-15
41.6625,80.92,73.65719665271968,-41.79999999999839,0.0,0.0
41.7375,74.65,73.65719665271968,-2.066666666666799,0.0,0.0
41.8125,74.34,73.65719665271968,-46.73333333333159,0.0,2.7269240493911888e-14
41.8875,67.33,73.65719665271968,-44.66666666666918,0.0,2.133094512651596e-14
41.9625,60.63,73.65719665271968,96.66666666666296,0.0,0.0
42.0375,75.13,73.65719665271968,-2.733333333333207,0.0,0.0
42.1125,74.72,73.65719665271968,-50.93333333333623,0.0,8.250745982137606e-16
42.1875,67.08,73.65719665271968,118.19999999999554,0.0,0.0
42.2625,84.81,73.65719665271968,-138.2000000000079,0.0,0.0
42.3375,64.08,73.65719665271968,92.99999999999648,0.0,1.2294570089893022e-14
42.4125,78.03,73.65719665271968,-26.99999999999896,0.0,0.0
42.5625,73.98,73.65719665271968,-24.911111111111744,0.0,1.5279445699865885e-14
42.7125,62.77,73.65719665271968,112.79999999999568,0.0,0.0
42.7875,79.69,73.65719665271968,173.59999999999346,0.0,8.153428184559069e-15
42.975,105.73,73.65719665271968,-42.75000000000041,0.0,2.4754139428349273e-15
43.1625,80.08,73.65719665271968,-36.39999999999858,0.0,1.218103529222967e-15
43.650000000000006,74.62,73.65719665271968,1.022222222222218,0.0,0.0
44.1375,76.46,73.65719665271968,-52.53333333333629,0.0,5.4348133341898e-15
44.2125,68.58,73.65719665271968,-28.53333333333226,0.0,1.1597835158449941e-15
44.4,64.3,73.65719665271968,26.333333333333577,0.0,0.0
44.5875,80.1,73.65719665271968,-93.2666666666631,0.0,0.0
44.6625,66.11,73.65719665271968,76.46666666666376,0.0,5.998826182453099e-15
44.7375,77.58,73.65719665271968,-2.933333333333485,0.0,1.2486315235841046e-14
44.8125,77.14,73.65719665271968,-32.93333333333207,0.0,2.081072521255597e-14
44.8875,72.2,73.65719665271968,-3.0666666666668942,0.0,1.4758640811373895e-14
44.9625,71.74,73.65719665271968,-24.19999999999905,0.0,3.535391216510199e-14
45.0375,68.11,73.65719665271968,-58.46666666666442,0.0,0.0
45.1125,59.34,73.65719665271968,118.20000000000664,0.0,1.4000875731852731e-16
45.1875,77.07,73.65719665271968,-164.6666666666604,0.0,1.452652480660465e-14
45.2625,52.37,73.65719665271968,226.4666666666796,0.0,0.0
45.3375,86.34,73.65719665271968,-50.79999999999811,0.0,8.349857313390801e-15
45.4125,78.72,73.65719665271968,-59.86666666666442,0.0,0.0
45.4875,69.74,73.65719665271968,52.93333333333642,0.0,0.0
45.5625,77.68,73.65719665271968,-39.86666666666518,0.0,0.0
45.6375,71.7,73.65719665271968,-14.400000000000796,0.0,0.0
45.7125,69.54,73.65719665271968,184.2666666666597,0.0,0.0
45.7875,97.18,73.65719665271968,-71.39999999999735,0.0,5.478748244022071e-15
45.8625,86.47,73.65719665271968,-88.800000000005,0.0,1.1727082058406991e-14
45.9375,73.15,73.65719665271968,-126.73333333332856,0.0,0.0
46.0125,54.14,73.65719665271968,82.46666666667139,0.0,0.0
46.0875,66.51,73.65719665271968,-18.86666666666599,0.0,1.808352408929489e-14
46.1625,63.68,73.65719665271968,-81.46666666666357,0.0,1.250453162135723e-14
46.2375,51.46,73.65719665271968,115.0666666666732,0.0,0.0
46.3125,68.72,73.65719665271968,-19.933333333332545,0.0,0.0
46.3875,65.73,73.65719665271968,31.333333333335133,0.0,2.400575854084841e-14
46.4625,70.43,73.65719665271968,-9.533333333333015,0.0,2.1452223264391074e-14
46.5375,69.0,73.65719665271968,-2.3999999999999053,0.0,0.0
46.6125,68.64,73.65719665271968,111.33333333333968,0.0,0.0
46.6875,85.34,73.65719665271968,-138.79999999999478,0.0,3.340022241389516e-14
46.7625,64.52,73.65719665271968,79.33333333333788,0.0,0.0
46.8375,76.42,73.65719665271968,-69.79999999999735,0.0,0.0
46.9125,65.95,73.65719665271968,70.73333333333065,0.0,1.7323350165567283e-14
46.9875,76.56,73.65719665271968,-10.53333333333392,0.0,0.0
47.0625,74.98,73.65719665271968,15.333333333332734,0.0,0.0
47.1375,77.28,73.65719665271968,32.20000000000182,0.0,1.5907353080882614e-14
47.2125,82.11,73.65719665271968,-1.5333333333333017,0.0,0.0
47.2875,81.88,73.65719665271968,-139.06666666666135,0.0,0.0
47.3625,61.02,73.65719665271968,21.06666666666789,0.0,3.8225018548477846e-14
47.4375,64.18,73.65719665271968,136.9999999999948,0.0,0.0
47.5125,84.73,73.65719665271968,-104.60000000000592,0.0,0.0
47.5875,69.04,73.65719665271968,95.1333333333297,0.0,0.0
47.6625,83.31,73.65719665271968,-119.99999999999544,0.0,3.0935891080020637e-14
47.7375,65.31,73.65719665271968,38.06666666666879,0.0,4.676106834681865e-15
47.8125,71.02,73.65719665271968,42.86666666666509,0.0,0.0
47.8875,77.45,73.65719665271968,-56.60000000000328,0.0,0.0
47.9625,68.96,73.65719665271968,-39.19999999999848,0.0,4.19296139635713e-15
48.0375,63.08,73.65719665271968,147.66666666666111,0.0,3.3391655181544936e-14
48.1125,85.23,73.65719665271968,-87.7333333333384,0.0,0.0
48.1875,72.07,73.65719665271968,-46.666666666664895,0.0,0.0
48.375,65.07,73.65719665271968,33.78333333333367,0.0,0.0
48.5625,85.34,73.65719665271968,69.59999999999735,0.0,1.7803963188715515e-14
48.6375,95.78,73.65719665271968,-148.6000000000085,0.0,0.0
48.7125,73.49,73.65719665271968,64.33333333333093,0.0,0.0
48.7875,83.14,73.65719665271968,1.1333333333333018,0.0,4.9061864729500534e-15
48.8625,83.31,73.65719665271968,-181.60000000001037,0.0,0.0
48.9375,56.07,73.65719665271968,65.66666666666418,0.0,0.0
49.0125,65.92,73.65719665271968,-24.933333333334765,0.0,0.0
49.0875,62.18,73.65719665271968,0.0666666666666508,0.0,6.1608083867489254e-15
49.1625,62.19,73.65719665271968,79.19999999999696,0.0,8.988077852860028e-15
49.2375,74.07,73.65719665271968,-65.93333333333699,0.0,1.9291523154460116e-14
49.3125,64.18,73.65719665271968,42.266666666665,0.0,0.0
49.3875,70.52,73.65719665271968,-10.80000000000055,0.0,0.0
49.4625,68.9,73.65719665271968,-0.1333333333333965,0.0,0.0
49.5375,68.88,73.65719665271968,4.999999999999811,0.0,3.610496943755502e-15
49.6125,69.63,73.65719665271968,15.066666666667556,0.0,3.169133420087039e-14
49.6875,71.89,73.65719665271968,-43.73333333333169,0.0,0.0
49.7625,65.33,73.65719665271968,30.400000000001743,0.0,0.0
49.8375,69.89,73.65719665271968,-47.13333333333155,0.0,1.0246497599264442e-14
49.9125,62.82,73.65719665271968,71.6666666666639,0.0,0.0
49.9875,73.57,73.65719665271968,-11.800000000000644,0.0,0.0
50.0625,71.8,73.65719665271968,-32.06666666666547,0.0,2.6180803186685113e-14
50.1375,66.99,73.65719665271968,60.20000000000343,0.0,0.0
50.2125,76.02,73.65719665271968,-57.26666666666443,0.0,0.0
50.2875,67.43,73.65719665271968,-30.13333333333226,0.0,0.0
50.3625,62.91,73.65719665271968,72.00000000000408,0.0,0.0
50.4375,73.71,73.65719665271968,-10.733333333332922,0.0,9.728213052489623e-15
50.5125,72.1,73.65719665271968,-20.40000000000108,0.0,2.6120437372376414e-14
50.5875,69.04,73.65719665271968,17.399999999999338,0.0,7.491690585882662e-15
50.6625,71.65,73.65719665271968,-10.333333333333018,0.0,2.5560413651574844e-15
50.7375,70.1,73.65719665271968,6.666666666667045,0.0,1.1396085368752685e-14
50.8125,71.1,73.65719665271968,17.933333333332733,0.0,0.0
50.8875,73.79,73.65719665271968,9.066666666667178,0.0,0.0
50.9625,75.15,73.65719665271968,-27.66666666666565,0.0,4.099833649213835e-15
51.0375,71.0,73.65719665271968,28.59999999999896,0.0,9.536579410196583e-15
51.1125,75.29,73.65719665271968,-29.066666666668315,0.0,0.0
51.1875,70.93,73.65719665271968,-3.666666666666604,0.0,5.959847143439941e-15
51.2625,70.38,73.65719665271968,50.46666666666958,0.0,8.050728812773623e-15
51.3375,77.95,73.65719665271968,-22.799999999999148,0.0,1.3306154851408568e-14
51.4125,74.53,73.65719665271968,22.999999999999147,0.0,0.0
51.4875,77.98,73.65719665271968,-4.000000000000284,0.0,0.5769892055413202
51.5625,77.38,73.65719665271968,-134.26666666666154,0.0,0.8766305191286723
51.675,57.24,73.65719665271968,171.66666666666828,2.814183200611806,1.0171746508235697
51.7875,108.74,74.50145161290321,-269.5999999999898,0.0,0.5649446425198058
51.8625,68.3,74.50145161290321,307.3333333333509,0.0,0.2696112085158382
51.9375,114.4,74.50145161290321,-196.93333333332592,0.0,0.14045834156350873
52.3875,84.86,74.50145161290321,-10.43030303030308,0.0,2.8486971093229862e-15
52.8375,67.65,74.50145161290321,82.26666666666348,0.0,2.0378739984096996e-15
52.9125,79.99,74.50145161290321,-88.06666666666328,0.0,7.91189202290459e-15
52.9875,66.78,74.50145161290321,30.33333333333504,0.0,0.0
53.0625,71.33,74.50145161290321,-0.3333333333333017,0.0,0.0
53.1375,71.28,74.50145161290321,-27.66666666666828,0.0,0.0
53.2125,67.13,74.50145161290321,8.999999999999716,0.0,1.7962411288465716e-14
53.2875,68.48,74.50145161290321,41.33333333333179,0.0,2.0083612702601932e-14
53.3625,74.68,74.50145161290321,17.466666666667596,0.0,1.662397043402508e-14
53.4375,77.3,74.50145161290321,-3.9999999999998095,0.0,1.634216640169003e-14
53.5125,76.7,74.50145161290321,-28.400000000001647,0.0,4.206967381744552e-15
53.5875,72.44,74.50145161290321,-12.066666666666224,0.0,4.66842714866884e-14
53.6625,70.63,74.50145161290321,45.86666666666499,0.0,0.0
53.7375,77.51,74.50145161290321,-30.46666666666845,0.0,0.0
53.8125,72.94,74.50145161290321,3.799999999999905,0.0,0.0
53.8875,73.51,74.50145161290321,-6.73333333333375,0.0,0.0
53.9625,72.5,74.50145161290321,45.266666666665,0.0,3.4064145505922677e-15
54.0375,79.29,74.50145161290321,-80.53333333333036,0.0,2.6664438328054817e-15
54.675,67.21,74.50145161290321,0.9875000000000054,0.0,0.0
55.3125,69.58,74.50145161290321,20.79999999999924,0.0,0.0
55.3875,72.7,74.50145161290321,-14.333333333334188,0.0,4.85074114586496e-15
55.4625,70.55,74.50145161290321,5.333333333333112,0.0,1.4903867291046125e-14
55.5375,71.35,74.50145161290321,-29.933333333332165,0.0,1.9029563616596127e-14
55.6125,66.86,74.50145161290321,38.666666666668846,0.0,0.0
55.6875,72.66,74.50145161290321,7.266666666666414,0.0,0.0
55.7625,73.75,74.50145161290321,12.666666666667425,0.0,9.134254588005498e-15
55.8375,75.65,74.50145161290321,-9.86666666666632,0.0,0.0
55.9125,74.17,74.50145161290321,-29.933333333332165,0.0,0.0
55.9875,69.68,74.50145161290321,79.86666666667114,0.0,1.2316859514572357e-14
56.0625,81.66,74.50145161290321,-43.79999999999829,0.0,0.0
56.1375,75.09,74.50145161290321,33.13333333333521,0.0,1.3800065260309164e-14
56.2125,80.06,74.50145161290321,-51.39999999999811,0.0,0.0
56.2875,72.35,74.50145161290321,37.73333333333198,0.0,2.7948050965732713e-15
56.3625,78.01,74.50145161290321,33.53333333333525,0.0,4.2875217211768665e-15
56.4375,83.04,74.50145161290321,-10.46666666666632,0.0,1.1229027800723336e-14
56.5125,81.47,74.50145161290321,70.53333333333732,0.0,4.498653031917485e-15
56.775,92.05,74.50145161290321,-51.822222222221896,0.0,1.1668746930812693e-14
57.0375,45.41,74.50145161290321,268.13333333332315,0.0,0.0
57.1125,85.63,74.50145161290321,-101.40000000000572,0.0,6.311685282943854e-15
57.1875,70.42,74.50145161290321,23.599999999999053,0.0,2.425044008992414e-14
57.2625,73.96,74.50145161290321,24.866666666668102,0.0,2.1127341050914017e-15
57.3375,77.69,74.50145161290321,-71.53333333333065,0.0,0.0
57.4125,66.96,74.50145161290321,-40.066666666665085,0.0,0.0
59.962500000000006,60.95,74.50145161290321,0.7303482587064682,0.0,0.0
62.5125,68.29,74.50145161290321,106.06666666667267,0.0,2.651152988793458e-16
62.5875,84.2,74.50145161290321,-128.93333333332848,0.0,0.0
62.6625,64.86,74.50145161290321,20.333333333332543,0.0,4.2502442783883006e-15
62.7375,67.91,74.50145161290321,12.733333333334034,0.0,0.0
62.8125,69.82,74.50145161290321,21.199999999999243,0.0,0.0
62.8875,73.0,74.50145161290321,41.20000000000239,0.0,1.6137310780534147e-14
62.9625,79.18,74.50145161290321,14.399999999999432,0.0,1.5101158828639924e-15
63.0375,81.34,74.50145161290321,-55.99999999999792,0.0,0.0
63.1125,72.94,74.50145161290321,7.73333333333375,0.0,1.1897266568147125e-14
63.1875,74.1,74.50145161290321,43.066666666665085,0.0,0.0
63.2625,80.56,74.50145161290321,-67.80000000000386,0.0,8.060647544448888e-15
63.375,70.39,74.50145161290321,24.69999999999905,0.0,7.397868578891372e-15
63.4875,77.8,74.50145161290321,-96.73333333333882,0.0,0.8712805654854839
63.5625,63.29,74.50145161290321,18.466666666665983,0.0,1.539684245522278
63.6375,66.06,74.50145161290321,337.4000000000192,10.473904670198074,2.0851938359433846
63.7125,116.67,76.07253731343283,-270.93333333332305,0.0,2.244408143613742
63.7875,76.03,76.07253731343283,-141.2666666666613,0.0,1.8703401196781404
63.8625,54.84,76.07253731343283,37.53333333333544,0.0,1.1222040718069124
63.9375,60.47,76.07253731343283,152.59999999999422,0.0,7.138900237233302e-15
64.0125,83.36,76.07253731343283,3.0000000000001896,0.0,3.413849048195596e-14
64.0875,83.81,76.07253731343283,-15.399999999999432,0.0,0.0
64.1625,81.5,76.07253731343283,-62.13333333333093,0.0,1.3578254352265015e-14
64.23750000000001,72.18,76.07253731343283,63.13333333333093,0.0,1.5956187639642476e-14
64.3125,81.65,76.07253731343283,-47.06666666667382,0.0,0.0
64.38749999999999,74.59,76.07253731343283,67.39999999999745,0.0,4.9207955892620873e-14
64.4625,84.7,76.07253731343283,22.999999999999147,0.0,0.0
64.5375,88.15,76.07253731343283,6.199999999999716,0.0,0.0
64.61250000000001,89.08,76.07253731343283,-85.53333333333008,0.0,0.0
64.6875,76.25,76.07253731343283,19.00000000000284,0.0,1.3259367109564223e-14
64.76249999999999,79.1,76.07253731343283,-47.1333333333315,0.0,0.0
64.8375,72.03,76.07253731343283,35.199999999998674,0.0,0.0
64.9125,77.31,76.07253731343283,-56.59999999999791,0.0,1.2939923083103918e-14
64.98750000000001,68.82,76.07253731343283,49.7333333333315,0.0,0.0
65.0625,76.28,76.07253731343283,27.400000000004148,0.0,9.22492666091718e-15
65.13749999999999,80.39,76.07253731343283,20.59999999999924,0.0,2.5987318334777534e-14
65.2125,83.48,76.07253731343283,23.86666666666575,0.0,0.0
65.2875,87.06,76.07253731343283,-54.79999999999792,0.0,8.314301435762097e-15
65.36250000000001,78.84,76.07253731343283,0.2666666666666035,0.0,3.9490257260007436e-15
65.4375,78.88,76.07253731343283,-1.5333333333334975,0.0,0.0
65.51249999999999,78.65,76.07253731343283,-21.06666666666594,0.0,2.5173079798431425e-14
65.5875,75.49,76.07253731343283,83.26666666666357,0.0,0.0
65.6625,87.98,76.07253731343283,-155.13333333332753,0.0,0.0
65.73750000000001,64.71,76.07253731343283,126.73333333332856,0.0,0.0
65.8125,83.72,76.07253731343283,-76.53333333334496,0.0,6.277821263706289e-15
65.88749999999999,72.24,76.07253731343283,61.33333333333103,0.0,2.7568432038768655e-14
65.9625,81.44,76.07253731343283,-27.59999999999896,0.0,0.0
66.0375,77.3,76.07253731343283,-39.19999999999848,0.0,0.0
66.11250000000001,71.42,76.07253731343283,-44.86666666666499,0.0,2.0429390249568063e-14
66.1875,64.69,76.07253731343283,5.000000000000758,0.0,2.794439944126849e-14
66.26249999999999,65.44,76.07253731343283,-59.46666666666438,0.0,0.0
66.3375,56.52,76.07253731343283,146.26666666666105,0.0,1.3995246237362142e-14
66.4125,78.46,76.07253731343283,-39.59999999999848,0.0,0.0
66.48750000000001,72.52,76.07253731343283,3.599999999999905,0.0,0.0
66.5625,73.06,76.07253731343283,53.53333333334145,0.0,6.0447851954164896e-15
66.63749999999999,81.09,76.07253731343283,-81.73333333333026,0.0,0.0
66.7125,68.83,76.07253731343283,48.46666666666481,0.0,0.0
66.7875,76.1,76.07253731343283,12.866666666666225,0.0,2.901596513495489e-14
66.86250000000001,78.03,76.07253731343283,24.99999999999905,0.0,1.762161316443764e-14
66.9375,81.78,76.07253731343283,-66.8666666666768,0.0,5.590299791064297e-15
67.01249999999999,71.75,76.07253731343283,84.33333333333017,0.0,0.0
67.0875,84.4,76.07253731343283,1.2666666666666035,0.0,0.0
67.1625,84.59,76.07253731343283,-101.73333333332953,0.0,0.0
67.23750000000001,69.33,76.07253731343283,86.33333333333007,0.0,3.9730709992277945e-14
67.3125,82.28,76.07253731343283,-49.20000000000743,0.0,3.3423774615179394e-14
67.38749999999999,74.9,76.07253731343283,-28.99999999999896,0.0,1.1683817715351954e-14
67.4625,70.55,76.07253731343283,43.53333333333169,0.0,1.754962089398072e-14
67.5375,77.08,76.07253731343283,-63.26666666666424,0.0,0.0
67.61250000000001,67.59,76.07253731343283,11.999999999999526,0.0,0.0
67.6875,69.39,76.07253731343283,50.93333333334106,0.0,1.5453687277145894e-14
67.76249999999999,77.03,76.07253731343283,-6.19999999999981,0.0,0.0
67.8375,76.1,76.07253731343283,-67.59999999999744,0.0,8.957919000470369e-15
67.9125,65.96,76.07253731343283,-7.199999999999716,0.0,0.0
67.98750000000001,64.88,76.07253731343283,79.26666666666367,0.0,0.0
68.0625,76.77,76.07253731343283,-15.933333333335751,0.0,0.0
68.13749999999999,74.38,76.07253731343283,44.666666666665,0.0,0.0
68.2125,81.08,76.07253731343283,-23.53333333333245,0.0,2.2467171158348453e-14
68.2875,77.55,76.07253731343283,-22.13333333333245,0.0,7.953161337016699e-15
68.36250000000001,74.23,76.07253731343283,-44.599999999998296,0.0,0.0
68.4375,67.54,76.07253731343283,68.40000000001031,0.0,0.0
68.51249999999999,77.8,76.07253731343283,-44.5333333333316,0.0,0.40439881338648836
68.5875,71.12,76.07253731343283,-36.66666666666528,0.0,0.6739980223107354
68.6625,65.62,76.07253731343283,124.19999999999526,3.774388924940457,0.8087976267730524
68.73750000000001,84.25,76.63869565217392,-89.59999999999658,0.0,0.8087976267729192
68.8125,70.81,76.63869565217392,79.60000000001205,0.0,0.6739980223108735
68.88749999999999,82.75,76.63869565217392,-45.5333333333316,0.0,0.4043988133864669
68.9625,75.92,76.63869565217392,-30.333333333332163,0.0,1.91355191286541e-14
69.0375,71.37,76.63869565217392,46.1333333333316,0.0,1.61431924582975e-14
69.11250000000001,78.29,76.63869565217392,19.133333333332544,0.0,9.101007144801383e-15
69.1875,81.16,76.63869565217392,-10.26666666666817,0.0,0.0
69.26249999999999,79.62,76.63869565217392,-63.59999999999763,0.0,3.1951268296687e-15
69.3375,70.08,76.63869565217392,41.99999999999839,0.0,0.0
69.4125,76.38,76.63869565217392,23.999999999999147,0.0,0.0
69.48750000000001,79.98,76.63869565217392,-19.86666666666594,0.0,0.0
69.5625,77.0,76.63869565217392,-15.400000000002349,0.0,0.0
69.63749999999999,74.69,76.63869565217392,-13.26666666666613,0.0,2.4422503056097454e-14
69.7125,72.7,76.63869565217392,18.46666666666594,0.0,0.0
69.7875,75.47,76.63869565217392,16.19999999999943,0.0,0.0
69.86250000000001,77.9,76.63869565217392,43.333333333331694,0.0,0.0
69.9375,84.4,76.63869565217392,-46.33333333334038,0.0,0.0
70.01249999999999,77.45,76.63869565217392,25.333333333332355,0.0,0.0
70.0875,81.25,76.63869565217392,-33.66666666666537,0.0,0.0
70.1625,76.2,76.63869565217392,-26.266666666665657,0.0,0.0
70.23750000000001,72.26,76.63869565217392,-26.26666666666575,0.0,0.05212215320904518
70.3125,68.32,76.63869565217392,40.80000000000621,0.0,0.08687025534848566
70.38749999999999,74.44,76.63869565217392,26.399999999999054,0.4864734299515594,0.10424430641820517
70.4625,78.4,76.71166666666666,-2.6666666666666035,0.0,0.10424430641816973
70.5375,78.0,76.71166666666666,-27.86666666666565,0.0,0.08687025534847202
70.61250000000001,73.82,76.71166666666666,48.7999999999982,0.0,0.05212215320910581
70.6875,81.14,76.71166666666666,-21.533333333336625,0.0,0.2551587301587297
70.76249999999999,77.91,76.71166666666666,-46.0666666666649,0.0,0.4252645502645567
70.8375,71.0,76.71166666666666,52.66666666666471,2.381481481481562,0.5103174603175444
70.9125,78.9,77.0688888888889,-23.999999999999147,0.0,0.5103174603174987
70.98750000000001,75.3,77.0688888888889,20.86666666666594,0.0,0.42526455026458904
71.0625,78.43,77.0688888888889,11.600000000001724,0.0,0.25515873015874413
71.13749999999999,80.17,77.0688888888889,-39.86666666666518,0.0,5.368539125585062e-15
71.2125,74.19,77.0688888888889,12.466666666666224,0.0,2.3247192570901384e-16
71.2875,76.06,77.0688888888889,26.59999999999896,0.0,0.0
71.36250000000001,80.05,77.0688888888889,-35.33333333333198,0.0,0.6793650793651428
71.4375,74.75,77.0688888888889,6.800000000001004,0.0,1.4608465608466603
71.51249999999999,75.77,77.0688888888889,14.999999999999432,6.340740740740355,1.9063492063490948
71.5875,78.02,78.02,64.26666666666424,3.066666666666604,2.0158730158728178
71.6625,87.66,78.48,-79.73333333333026,0.0,1.7894179894179443
71.73750000000001,75.7,78.48,-16.933333333332733,0.0,2.1912698412697718
71.8125,73.16,78.48,28.26666666667101,0.0,1.9357142857142575
71.88749999999999,77.4,78.48,42.39999999999839,8.999999999999716,1.9285714285715814
71.9625,83.76,79.83000000000001,-31.06666666666556,0.0,1.9285714285716138
72.0375,79.1,79.83000000000001,17.133333333332732,0.0,1.6071428571428874
72.11250000000001,81.67,79.83000000000001,-5.066666666666508,0.0,0.9642857142856497
72.1875,80.91,79.83000000000001,-26.0666666666706,0.0,0.0
72.26249999999999,77.0,79.83000000000001,30.133333333332164,0.0,1.5482795661913138e-14
72.3375,81.52,79.83000000000001,2.2666666666666035,0.0,5.201120946277405e-15
72.4125,81.86,79.83000000000001,-15.133333333332732,0.0,7.23829464212362e-15
72.48750000000001,79.59,79.83000000000001,44.3333333333316,0.0,3.3550093445223342e-15
72.5625,86.24,79.83000000000001,-31.733333333338084,0.0,2.0946418530823354e-14
72.63749999999999,81.48,79.83000000000001,35.73333333333198,0.0,0.0
72.7125,86.84,79.83000000000001,-39.06666666666519,0.0,0.0
72.7875,80.98,79.83000000000001,13.599999999999431,0.0,0.0
72.86250000000001,83.02,79.83000000000001,-76.19999999999706,0.0,2.2104306920363936e-14
72.9375,71.59,79.83000000000001,27.86666666667084,0.0,2.2161918024967936e-14
73.01249999999999,75.77,79.83000000000001,-14.46666666666613,0.0,0.0
73.0875,73.6,79.83000000000001,58.86666666666452,0.0,2.9191106868747104e-14
73.1625,82.43,79.83000000000001,-51.33333333333141,0.0,0.0
73.23750000000001,74.73,79.83000000000001,52.93333333333131,0.0,0.0
73.3125,82.67,79.83000000000001,-10.133333333334845,0.0,1.692105608051745e-14
73.38749999999999,81.15,79.83000000000001,15.466666666666034,0.0,0.1732142857142735
73.4625,83.47,79.83000000000001,-110.59999999999584,0.0,0.2886904761904648
73.5375,66.88,79.83000000000001,105.99999999999602,1.616666666666556,0.3464285714285789
73.61250000000001,82.78,80.0725,-22.866666666665846,0.0,0.3464285714285494
73.6875,79.35,80.0725,23.46666666667029,0.0,0.5962797619047319
73.76249999999999,82.87,80.0725,-50.533333333331406,0.0,0.6858630952380206
73.8375,75.29,80.0725,46.1333333333315,2.870833333333077,0.6151785714286104
73.9125,82.21,80.50312499999998,-0.3999999999999052,0.0,0.6151785714285855
73.98750000000001,82.15,80.50312499999998,-10.19999999999962,0.0,0.5126488095237574
74.0625,80.62,80.50312499999998,35.06666666667192,0.0,0.30758928571429006
74.13749999999999,85.88,80.50312499999998,45.333333333331694,0.0,1.584509187206593e-15
74.2125,92.68,80.50312499999998,-84.53333333333018,0.0,0.0
74.2875,80.0,80.50312499999998,9.19999999999962,0.0,1.884763808538382e-14
74.36250000000001,81.38,80.50312499999998,-22.06666666666585,0.0,0.0
74.4375,78.07,80.50312499999998,15.600000000002389,0.0,0.0
74.51249999999999,80.41,80.50312499999998,2.933333333333207,0.0,1.5050654810642448e-14
74.5875,80.85,80.50312499999998,54.99999999999792,0.0,8.420047054723767e-15
74.6625,89.1,80.50312499999998,-104.59999999999602,0.0,6.944774660345303e-15
74.73750000000001,73.41,80.50312499999998,8.933333333333017,0.0,0.0
74.8125,74.75,80.50312499999998,32.20000000000487,0.0,2.3020352965173896e-15
74.88749999999999,79.58,80.50312499999998,26.733333333332357,0.0,0.0
74.9625,83.59,80.50312499999998,-30.599999999998865,0.0,0.0
75.0375,79.0,80.50312499999998,21.799999999999148,0.0,6.480449172760592e-15
75.11250000000001,82.27,80.50312499999998,-26.266666666665657,0.0,0.0
75.1875,78.33,80.50312499999998,84.46666666667949,0.0,4.272234055488254e-14
75.26249999999999,91.0,80.50312499999998,-87.13333333332999,0.0,3.5322834521120686e-15
75.3375,77.93,80.50312499999998,79.13333333333027,0.0,4.447728394822014e-14
75.4125,89.8,80.50312499999998,-127.73333333332847,0.0,0.0
75.48750000000001,70.64,80.50312499999998,72.79999999999725,0.0,2.5596091274351954e-14
75.5625,81.56,80.50312499999998,-31.400000000004813,0.0,6.245306005289968e-15
75.63749999999999,76.85,80.50312499999998,11.999999999999622,0.0,3.293151350364754e-14
75.7125,78.65,80.50312499999998,-7.066666666666414,0.0,0.0
75.7875,77.59,80.50312499999998,19.06666666666594,0.0,3.777623445012275e-14
75.86250000000001,80.45,80.50312499999998,-12.799999999999526,0.0,0.0
75.9375,78.53,80.50312499999998,-19.93333333333632,0.0,9.472055125393756e-15
76.01249999999999,75.54,80.50312499999998,14.399999999999432,0.0,0.0
76.0875,77.7,80.50312499999998,-17.266666666666033,0.0,1.1001488095238021
76.1625,75.11,80.50312499999998,35.73333333333198,0.0,1.8335813492064887
76.23750000000001,80.47,80.50312499999998,67.79999999999744,10.268055555555302,2.2002976190476646
76.3125,90.64,82.04333333333334,43.26666666667319,0.0,2.200297619047577
76.38749999999999,97.13,82.04333333333334,-181.79999999999308,0.0,1.8335813492063495
76.4625,69.86,82.04333333333334,25.19999999999905,0.0,1.1001488095237792
76.5375,73.64,82.04333333333334,92.7333333333298,0.0,0.0
76.61250000000001,87.55,82.04333333333334,-5.333333333333112,0.0,0.0
76.6875,86.75,82.04333333333334,-36.73333333333893,0.0,0.0
76.76249999999999,81.24,82.04333333333334,-36.19999999999858,0.0,0.0
76.8375,75.81,82.04333333333334,78.13333333333037,0.0,0.0
76.9125,87.53,82.04333333333334,41.86666666666509,0.0,7.46456557494436e-15
76.98750000000001,93.81,82.04333333333334,-79.53333333333036,0.0,0.0
77.0625,81.88,82.04333333333334,-10.066666666668132,0.0,1.4517555775603942e-14
77.13749999999999,80.37,82.04333333333334,-18.86666666666594,0.0,0.0
77.2125,77.54,82.04333333333334,32.93333333333207,0.0,1.6973518630855692e-14
77.2875,82.48,82.04333333333334,41.53333333333169,0.0,0.0
77.36250000000001,88.71,82.04333333333334,-104.66666666666262,0.0,2.4889853934351235e-14
77.4375,73.01,82.04333333333334,31.600000000004755,0.0,0.0
77.51249999999999,77.75,82.04333333333334,46.8666666666649,0.0,2.65945228685798e-14
77.5875,84.78,82.04333333333334,-32.39999999999877,0.0,2.8264592236521514e-15
77.6625,79.92,82.04333333333334,36.19999999999858,0.0,3.8920859405036015e-14
77.73750000000001,85.35,82.04333333333334,-48.2666666666648,0.0,1.1912023743993351e-14
77.8125,78.11,82.04333333333334,25.466666666670577,0.0,0.0
77.88749999999999,81.93,82.04333333333334,21.799999999999148,0.0,0.0
77.9625,85.2,82.04333333333334,-17.19999999999934,0.0,0.0
78.0375,82.62,82.04333333333334,-9.933333333333016,0.0,0.0
78.11250000000001,81.13,82.04333333333334,-72.93333333333055,0.0,0.3519841269841139
78.1875,70.19,82.04333333333334,67.00000000001013,0.0,0.5866402116402424
78.26249999999999,80.24,82.04333333333334,36.73333333333198,3.2851851851850413,0.703968253968183
78.3375,85.75,82.53611111111111,-27.53333333333226,0.0,0.7039682539683104
78.4125,81.62,82.53611111111111,7.466666666666319,0.0,0.5866402116401785
78.48750000000001,82.74,82.53611111111111,26.06666666666575,0.0,0.3519841269841505
78.5625,86.65,82.53611111111111,-33.20000000000506,0.0,1.0694625821586624e-15
78.63749999999999,81.67,82.53611111111111,50.199999999998106,0.0,0.0
78.7125,89.2,82.53611111111111,-121.66666666666204,0.0,6.5312445931517975e-15
78.7875,70.95,82.53611111111111,173.26666666666006,0.0,0.0
78.86250000000001,96.94,82.53611111111111,-110.26666666666245,0.0,0.0
78.9375,80.4,82.53611111111111,3.466666666667165,0.0,0.0
79.01249999999999,80.92,82.53611111111111,-47.7333333333315,0.0,3.702076171800987e-15
79.0875,73.76,82.53611111111111,105.93333333332932,0.0,0.0
79.1625,89.65,82.53611111111111,-42.19999999999848,0.0,0.0
79.23750000000001,83.32,82.53611111111111,-30.39999999999877,0.0,3.196484841928699e-14
79.3125,78.76,82.53611111111111,-13.80000000000214,0.0,0.0
79.38749999999999,76.69,82.53611111111111,55.86666666666452,0.0,4.197245525402995e-15
79.4625,85.07,82.53611111111111,54.33333333333131,0.0,0.370909645909578
79.5375,93.22,82.53611111111111,-165.86666666666036,0.0,0.6181827431827367
79.61250000000001,68.34,82.53611111111111,99.26666666666291,3.4618233618232934,0.7418192918193135
79.6875,83.23,83.05538461538463,33.9333333333384,0.0,0.7418192918192701
79.76249999999999,88.32,83.05538461538463,-57.93333333333112,0.0,0.6181827431827025
79.8375,79.63,83.05538461538463,64.66666666666424,0.0,0.37090964590963327
79.9125,89.33,83.05538461538463,-33.93333333333207,0.0,0.0
79.98750000000001,84.24,83.05538461538463,20.933333333332545,0.0,1.2404091019963256e-14
80.0625,87.38,83.05538461538463,-16.200000000002408,0.0,1.090992158139916e-14
80.13749999999999,84.95,83.05538461538463,-52.533333333331406,0.0,0.0
80.2125,77.07,83.05538461538463,74.79999999999725,0.0,2.360028502100267e-14
80.2875,88.29,83.05538461538463,60.26666666666433,0.0,1.8286101068617367e-14
80.36250000000001,97.33,83.05538461538463,-181.53333333332648,0.0,2.845175275989686e-14
80.4375,70.1,83.05538461538463,60.33333333334255,0.0,1.877879144792809e-14
80.51249999999999,79.15,83.05538461538463,42.333333333331694,0.0,0.0
80.5875,85.5,83.05538461538463,49.39999999999811,0.0,1.932463380978248e-14
80.6625,92.91,83.05538461538463,-76.53333333333036,0.0,1.7971757808005828e-14
80.73750000000001,81.43,83.05538461538463,34.866666666665274,0.0,1.3572579799355625e-14
80.8125,86.66,83.05538461538463,34.60000000000523,0.0,0.0
80.88749999999999,91.85,83.05538461538463,-78.79999999999697,0.0,1.1072656621543432e-15
80.9625,80.03,83.05538461538463,83.46666666666347,0.0,9.314561408339215e-16
81.0375,92.55,83.05538461538463,-96.9999999999963,0.0,2.7654738930755045e-14
81.11250000000001,78.0,83.05538461538463,87.99999999999669,0.0,2.0262895350349012e-14
81.1875,91.2,83.05538461538463,29.933333333337835,0.0,2.7096330327249187e-14
81.26249999999999,95.69,83.05538461538463,-143.0666666666612,0.0,0.0
81.3375,74.23,83.05538461538463,106.73333333332924,0.0,6.467685885065931e-15
81.4125,90.24,83.05538461538463,-73.39999999999716,0.0,2.3952632193478874e-15
81.48750000000001,79.23,83.05538461538463,18.199999999999243,0.0,2.6104573472132322e-14
81.5625,81.96,83.05538461538463,-20.8666666666698,0.0,1.0707310558251219e-14
81.63749999999999,78.83,83.05538461538463,10.26666666666632,0.0,0.0
81.7125,80.37,83.05538461538463,-0.3333333333333965,0.0,0.0
81.7875,80.32,83.05538461538463,-23.399999999999054,0.0,0.0
81.86250000000001,76.81,83.05538461538463,44.599999999998296,0.0,1.1809413678694484e-15
81.9375,83.5,83.05538461538463,-60.80000000000925,0.0,0.0
82.01249999999999,74.38,83.05538461538463,105.39999999999604,0.0,0.0
82.0875,90.19,83.05538461538463,-36.06666666666528,0.0,0.0
82.1625,84.78,83.05538461538463,11.533333333332925,0.0,0.0
82.23750000000001,86.51,83.05538461538463,-117.93333333332896,0.0,0.0
82.3125,68.82,83.05538461538463,24.733333333337136,0.0,0.0
82.38749999999999,72.53,83.05538461538463,-24.26666666666575,0.0,0.7515109890110167
82.4625,68.89,83.05538461538463,92.2666666666632,0.0,1.2525183150182109
82.5375,82.73,83.05538461538463,56.06666666666452,7.01410256410215,1.5030219780220286
82.61250000000001,91.14,84.10749999999999,-58.066666666664425,0.0,1.5030219780218912
82.6875,82.43,84.10749999999999,-4.466666666667355,0.0,2.4633516483516513
82.76249999999999,81.76,84.10749999999999,-4.399999999999905,0.0,2.7695665445664432
82.8375,81.1,84.10749999999999,46.666666666664895,11.301111111110863,2.421666666666605
82.9125,88.1,85.80266666666668,36.06666666666537,0.0,2.421666666666482
82.98750000000001,93.51,85.80266666666668,-60.46666666666442,0.0,2.01805555555551
83.0625,84.44,85.80266666666668,41.46666666667294,0.0,1.2108333333334098
83.13749999999999,90.66,85.80266666666668,-54.133333333331215,0.0,2.5260874312820663e-14
83.2125,82.54,85.80266666666668,46.666666666664895,0.0,0.0
83.2875,89.54,85.80266666666668,-21.59999999999924,0.0,0.0
83.36250000000001,86.3,85.80266666666668,11.666666666666224,0.0,0.0
83.4375,88.05,85.80266666666668,-39.6666666666727,0.0,2.0611231740759997e-14
83.51249999999999,82.1,85.80266666666668,-1.4666666666666035,0.0,3.232840949302026e-14
83.5875,81.88,85.80266666666668,39.19999999999858,0.0,3.647097447013221e-14
83.6625,87.76,85.80266666666668,-29.999999999998863,0.0,0.0
83.73750000000001,83.26,85.80266666666668,-5.39999999999981,0.0,0.0
83.8125,82.45,85.80266666666668,-4.80000000000072,0.0,0.21416666666666453
83.88749999999999,81.73,85.80266666666668,19.933333333332545,0.0,0.3569444444444205
83.9625,84.72,85.80266666666668,14.599999999999431,1.998888888888663,0.42833333333335116
84.0375,86.91,86.10249999999999,22.133333333332544,0.0,0.428333333333279
84.11250000000001,90.23,86.10249999999999,23.599999999999053,0.0,1.1123015873015063
84.1875,93.77,86.10249999999999,-135.1333333333538,0.0,2.9310544217683225
84.26249999999999,73.5,86.10249999999999,91.0666666666632,7.049999999999764,3.940646258503363
84.3375,87.16,87.16,74.13333333333055,13.607619047618638,4.426632653060874
84.4125,98.28,89.20114285714287,-18.86666666666594,0.0,4.174846938775323
84.48750000000001,95.45,89.20114285714287,-106.39999999999604,0.0,3.1852891156463357
84.5625,79.49,89.20114285714287,81.4000000000124,0.0,1.4579591836734795
84.63749999999999,91.7,89.20114285714287,-7.933333333333017,0.0,2.7895576189977818e-15
84.7125,90.51,89.20114285714287,29.866666666665463,0.0,0.0
84.7875,94.99,89.20114285714287,-40.59999999999839,0.0,0.0
84.86250000000001,88.9,89.20114285714287,-27.66666666666565,0.0,0.0
84.9375,84.75,89.20114285714287,37.40000000000567,0.0,0.0
85.01249999999999,90.36,89.20114285714287,36.59999999999858,0.0,0.0
85.0875,95.85,89.20114285714287,-24.466666666665656,0.0,0.0
85.1625,92.18,89.20114285714287,-72.46666666666395,0.0,0.0
85.23750000000001,81.31,89.20114285714287,19.66666666666594,0.0,1.6051577096924586e-14
85.3125,84.26,89.20114285714287,35.00000000000531,0.0,5.57699244878767e-16
85.38749999999999,89.51,89.20114285714287,-23.799999999999148,0.0,0.0
85.4625,85.94,89.20114285714287,85.13333333333009,0.0,0.0
85.5375,98.71,89.20114285714287,-58.59999999999773,0.0,0.0
85.61250000000001,89.92,89.20114285714287,11.133333333332924,0.0,4.5737056407343275e-14
85.6875,91.59,89.20114285714287,39.40000000000595,0.0,0.0
85.76249999999999,97.5,89.20114285714287,-39.46666666666518,0.0,4.720724900049299e-15
85.8375,91.58,89.20114285714287,-55.66666666666452,0.0,5.898844542121866e-15
85.9125,83.23,89.20114285714287,29.53333333333217,0.0,0.0
85.98750000000001,87.66,89.20114285714287,116.73333333332894,0.0,0.0
86.0625,105.17,89.20114285714287,-128.13333333335274,0.0,0.0
86.13749999999999,85.95,89.20114285714287,-15.799999999999432,0.0,3.3014674262885234e-14
86.2125,83.58,89.20114285714287,34.99999999999867,0.0,4.0079989027689195e-14
86.2875,88.83,89.20114285714287,-46.1333333333316,0.0,0.0
86.36250000000001,81.91,89.20114285714287,119.13333333332884,0.0,0.0
86.4375,99.78,89.20114285714287,-114.93333333335072,0.0,0.0
86.51249999999999,82.54,89.20114285714287,70.53333333333065,0.0,3.602646673300783e-14
86.5875,93.12,89.20114285714287,-97.5999999999963,0.0,0.0
86.7,78.48,89.20114285714287,76.89999999999706,0.0,6.948074793375384e-15
86.8125,101.55,89.20114285714287,-25.800000000003845,0.0,6.034648907913129e-15
87.0,97.68,89.20114285714287,-19.233333333332617,0.0,1.5879647139111899
87.1875,86.14,89.20114285714287,-216.6666666666995,0.0,2.5691273888561312
87.3375,53.64,89.20114285714287,156.5333333333274,10.183425229740608,3.2084764422472314
87.48750000000001,124.08,93.78368421052632,-213.5999999999919,0.0,3.5188799223187592
87.5625,92.04,93.78368421052632,197.73333333336328,0.0,0.25063265658420697
87.7125,121.7,93.78368421052632,-88.84444444444108,0.0,0.07414685826474024
87.86250000000001,81.72,93.78368421052632,16.466666666666036,0.0,3.701765252076317e-16
91.8,84.19,93.78368421052632,1.3589743589743597,0.0,1.0213356944122857e-15
95.7375,105.39,93.78368421052632,-84.99999999999677,0.0,2.528584347932456e-15
95.925,92.64,93.78368421052632,17.366666666666834,0.0,0.0
96.1125,103.06,93.78368421052632,-32.79999999999877,0.0,0.0
96.1875,98.14,93.78368421052632,-114.13333333335066,0.0,0.0
96.4125,81.02,93.78368421052632,18.146666666666665,0.0,0.0
96.6375,94.63,93.78368421052632,-172.39999999999347,0.0,0.0
96.7125,68.77,93.78368421052632,243.9333333333241,0.0,2.1576752402148294e-15
96.825,105.36,93.78368421052632,-38.96666666666518,0.0,0.0
96.9375,93.67,93.78368421052632,-54.800000000008296,0.0,0.0
97.2,85.45,93.78368421052632,15.366666666666568,0.0,0.0
97.725,99.28,93.78368421052632,-24.049999999999656,0.0,0.0
98.0625,70.42,93.78368421052632,128.8666666666862,0.0,0.038018221385921244
98.2875,89.75,93.78368421052632,1.1066666666666645,0.0,0.07707934751010734
98.5125,90.58,93.78368421052632,54.33333333333131,1.8269537480063287,0.1503478146738484
98.5875,98.73,94.05772727272728,11.866666666666225,0.0,0.2301124949779159
98.6625,100.51,94.05772727272728,1.2666666666666035,0.0,0.2704372324351556
98.7375,100.7,94.05772727272728,84.86666666666348,0.0,0.1957450444292245
98.8125,113.43,94.05772727272728,-92.8666666666808,0.0,0.0
98.8875,99.5,94.05772727272728,20.333333333332543,0.0,2.7831205949584433e-14
98.9625,102.55,94.05772727272728,23.266666666665845,0.0,9.92128866559676e-15
99.0375,106.04,94.05772727272728,67.39999999999745,0.0,2.5980225895000594e-14
99.1125,116.15,94.05772727272728,-247.6666666666573,0.0,0.0
99.1875,79.0,94.05772727272728,85.13333333334621,0.0,5.9825270940846306e-15
99.2625,91.77,94.05772727272728,-11.133333333332924,0.0,0.0
99.3375,90.1,94.05772727272728,4.133333333333207,0.0,0.0
99.4125,90.72,94.05772727272728,-64.99999999999754,0.0,0.0
99.4875,80.97,94.05772727272728,84.79999999999679,0.0,3.981969357503495e-15
99.5625,93.69,94.05772727272728,-47.66666666667384,0.0,4.9166194733021874e-15
99.6375,86.54,94.05772727272728,-32.39999999999877,0.0,0.0
99.825,81.68,94.05772727272728,42.9000000000004,0.0,1.2054875356237582e-14
100.0125,107.42,94.05772727272728,-157.1333333333274,0.0,6.025633182587324e-15
100.0875,83.85,94.05772727272728,109.46666666666252,0.0,0.0
100.1625,100.27,94.05772727272728,-65.73333333333083,0.0,7.772891573852717e-15
100.2375,90.41,94.05772727272728,-127.06666666666186,0.0,2.0778138528138914
100.3125,71.35,94.05772727272728,83.60000000001271,0.0,3.4630230880227564
100.3875,83.89,94.05772727272728,268.13333333332315,19.39292929292835,4.155627705627571
100.4625,124.11,96.96666666666664,-218.33333333332507,0.0,4.155627705627565
100.5375,91.36,96.96666666666664,176.46666666665996,0.0,3.463023088022868
100.6125,117.83,96.96666666666664,-177.39999999999327,0.0,2.077813852813785
100.6875,91.22,96.96666666666664,53.40000000000813,0.0,0.0
100.7625,99.23,96.96666666666664,36.799999999998576,0.0,9.534051956023579e-15
100.8375,104.75,96.96666666666664,94.4666666666631,0.0,7.903039306142398e-15
100.9125,118.92,96.96666666666664,-160.1999999999939,0.0,0.0
100.9875,94.89,96.96666666666664,-135.06666666666158,0.0,2.3339199601280798e-14
101.0625,74.63,96.96666666666664,103.4666666666824,0.0,3.556949275573872e-14
101.1375,90.15,96.96666666666664,16.266666666666033,0.0,1.1411460666517313e-15
101.2125,92.59,96.96666666666664,-33.73333333333207,0.0,0.0
101.2875,87.53,96.96666666666664,147.59999999999442,0.0,0.0
101.3625,109.67,96.96666666666664,-236.5333333333244,0.0,4.8143490066433625e-14
101.4375,74.19,96.96666666666664,108.80000000001654,0.0,3.677108067059335e-14
101.5125,90.51,96.96666666666664,23.26666666666575,0.0,1.6303820675734103e-14
101.5875,94.0,96.96666666666664,13.999999999999432,0.0,5.749347258486031
101.6625,96.1,96.96666666666664,-15.866666666666037,0.0,
101.9625,93.72,96.96666666666664,14.742857142857384,11.650793650793869,
102.2625,109.2,109.2,51.79999999999801,51.79999999999801,
