dis,phi,reg_phi,smt_kdp
1.050000,29.130000,18.870000,14.712654
1.125000,8.610000,18.870000,8.827593
1.200000,65.150000,32.111389,17.655185
1.275000,28.440000,32.111389,17.655185
1.350000,32.370000,32.111389,0.000000
1.425000,28.160000,32.111389,0.000000
1.500000,26.510000,32.111389,0.000000
1.575000,30.780000,32.111389,0.000000
1.650000,30.850000,32.111389,0.000000
1.725000,29.900000,32.111389,0.000000
1.800000,27.620000,32.111389,0.000000
1.875000,30.170000,32.111389,0.000000
1.950000,31.270000,32.111389,0.000000
2.025000,34.220000,32.111389,0.000000
2.100000,34.160000,32.111389,0.000000
2.175000,32.970000,32.111389,0.000000
2.250000,31.300000,32.111389,0.000000
2.325000,30.970000,32.111389,0.000000
2.400000,30.370000,32.111389,0.000000
2.475000,32.280000,32.111389,0.000000
2.550000,32.100000,32.111389,0.000000
2.625000,31.310000,32.111389,0.000000
2.700000,30.130000,32.111389,0.000000
2.775000,31.680000,32.111389,0.000000
2.850000,32.590000,32.111389,0.000000
2.925000,29.190000,32.111389,0.000000
3.000000,34.380000,32.111389,0.000000
3.075000,34.730000,32.111389,0.000000
3.150000,30.780000,32.111389,0.000000
3.225000,30.470000,32.111389,0.000000
3.300000,32.920000,32.111389,0.000000
3.375000,31.540000,32.111389,0.000000
3.450000,32.450000,32.111389,0.000000
3.525000,28.960000,32.111389,0.000000
3.600000,31.910000,32.111389,0.000000
3.675000,32.440000,32.111389,0.371481
3.750000,30.810000,32.111389,0.371481
3.825000,30.130000,32.111389,0.547815
3.900000,33.420000,32.390000,0.547815
3.975000,31.360000,32.390000,0.547815
4.050000,35.100000,32.522250,0.176333
4.125000,34.940000,32.522250,0.176333
4.200000,32.870000,32.522250,0.000000
4.275000,32.990000,32.522250,0.000000
4.350000,33.030000,32.522250,0.000000
4.425000,33.350000,32.522250,0.000000
4.500000,33.010000,32.522250,0.000000
4.575000,35.220000,32.522250,0.000000
4.650000,31.740000,32.522250,0.000000
4.725000,32.830000,32.522250,0.000000
4.800000,32.690000,32.522250,0.000000
4.875000,36.030000,32.522250,0.000000
4.950000,32.760000,32.522250,0.000000
5.025000,32.770000,32.522250,0.000000
5.100000,33.200000,32.522250,0.000000
5.175000,32.230000,32.522250,0.000000
5.250000,32.960000,32.522250,0.000000
5.325000,33.830000,32.522250,0.000000
5.400000,28.900000,32.522250,0.000000
5.475000,31.480000,32.522250,0.000000
5.550000,31.270000,32.522250,0.000000
5.625000,32.100000,32.522250,0.000000
5.700000,32.990000,32.522250,0.000000
5.775000,33.610000,32.522250,0.000000
5.850000,30.180000,32.522250,0.000000
5.925000,34.360000,32.522250,0.000000
6.000000,31.380000,32.522250,0.000000
6.075000,33.270000,32.522250,0.000000
6.150000,32.390000,32.522250,0.000000
6.225000,31.790000,32.522250,0.000000
6.300000,32.070000,32.522250,0.000000
6.375000,31.000000,32.522250,0.000000
6.450000,33.660000,32.522250,0.000000
6.525000,30.690000,32.522250,0.000000
6.600000,32.270000,32.522250,0.000000
6.675000,31.260000,32.522250,0.000000
6.750000,31.980000,32.522250,0.000000
6.825000,29.670000,32.522250,0.220333
6.900000,31.770000,32.522250,0.220333
6.975000,31.250000,32.522250,0.220333
7.050000,34.160000,32.687500,0.220333
7.125000,32.400000,32.687500,1.239857
7.200000,31.620000,32.687500,1.019524
7.275000,32.570000,32.687500,1.019524
7.350000,36.550000,33.452143,1.019524
7.425000,33.060000,33.452143,1.019524
7.500000,34.640000,33.452143,0.000000
7.575000,33.310000,33.452143,0.000000
7.650000,34.320000,33.452143,0.000000
7.725000,33.500000,33.452143,0.000000
7.800000,33.080000,33.452143,0.000000
7.875000,32.680000,33.452143,0.000000
7.950000,33.410000,33.452143,0.000000
8.025000,35.620000,33.452143,0.000000
8.100000,32.900000,33.452143,0.000000
8.175000,31.610000,33.452143,1.990476
8.250000,30.960000,33.452143,1.990476
8.325000,32.690000,33.452143,1.990476
8.400000,35.090000,34.945000,1.990476
8.475000,36.320000,34.945000,3.054921
8.550000,34.850000,34.945000,1.064444
8.625000,33.520000,34.945000,1.064444
8.700000,35.820000,35.743333,1.064444
8.775000,36.840000,35.743333,1.064444
8.850000,37.110000,35.743333,0.000000
8.925000,33.480000,35.743333,0.702222
9.000000,36.030000,35.743333,0.875556
9.075000,35.180000,35.743333,0.875556
9.150000,36.270000,36.270000,2.466667
9.225000,36.450000,36.400000,2.466667
9.300000,36.350000,36.400000,1.764444
9.375000,38.880000,37.593333,3.840000
9.450000,38.680000,37.593333,5.946667
9.525000,35.220000,37.593333,5.502222
9.600000,39.280000,39.280000,5.502222
9.675000,40.860000,40.860000,5.502222
9.750000,43.990000,41.720000,6.601905
9.825000,40.260000,41.720000,4.495238
9.900000,40.910000,41.720000,3.348571
9.975000,46.820000,44.231429,3.348571
10.050000,44.520000,44.231429,3.348571
10.125000,42.540000,44.231429,0.000000
10.200000,44.500000,44.231429,0.000000
10.275000,44.750000,44.231429,2.491429
10.350000,42.610000,44.231429,3.724762
10.425000,43.880000,44.231429,3.724762
10.500000,46.100000,46.100000,5.158095
10.575000,47.870000,47.025000,5.158095
10.650000,46.180000,47.025000,2.666667
10.725000,48.810000,48.100000,3.220000
10.800000,49.440000,48.100000,3.606667
10.875000,46.050000,48.100000,2.636667
10.950000,49.440000,49.440000,2.636667
11.025000,49.730000,49.730000,2.636667
11.100000,50.550000,50.077500,0.850000
11.175000,50.760000,50.077500,4.708333
11.250000,50.260000,50.077500,4.245000
11.325000,48.740000,50.077500,4.245000
11.400000,57.280000,53.261250,4.245000
11.475000,50.930000,53.261250,4.245000
11.550000,55.200000,53.261250,0.000000
11.625000,55.110000,53.261250,0.000000
11.700000,49.250000,53.261250,0.000000
11.775000,52.500000,53.261250,0.971667
11.850000,53.880000,53.261250,2.618333
11.925000,51.940000,53.261250,2.618333
12.000000,53.990000,53.990000,2.848333
12.075000,55.960000,55.225000,2.848333
12.150000,54.490000,55.225000,1.876667
12.225000,57.850000,55.397500,0.230000
12.300000,54.880000,55.397500,1.633333
12.375000,54.550000,55.397500,2.390000
12.450000,54.310000,55.397500,2.390000
12.525000,56.450000,56.450000,2.390000
12.600000,58.700000,57.190000,2.871481
12.675000,57.570000,57.190000,1.468148
12.750000,55.300000,57.190000,0.481481
12.825000,58.900000,57.551111,0.481481
12.900000,58.960000,57.551111,0.481481
12.975000,58.030000,57.551111,0.000000
13.050000,55.950000,57.551111,0.000000
13.125000,58.120000,57.551111,0.000000
13.200000,59.700000,57.551111,0.000000
13.275000,56.950000,57.551111,2.551852
13.350000,57.260000,57.551111,2.551852
13.425000,54.090000,57.551111,2.665185
13.500000,61.220000,59.465000,4.931852
13.575000,57.710000,59.465000,4.931852
13.650000,59.550000,59.550000,2.802222
13.725000,61.880000,61.250000,2.802222
13.800000,60.620000,61.250000,2.688889
13.875000,62.190000,61.566667,1.106667
13.950000,63.670000,61.566667,4.262222
14.025000,58.840000,61.566667,3.840000
14.100000,62.080000,62.080000,3.840000
14.175000,65.770000,64.446667,3.926667
14.250000,66.250000,64.446667,3.242222
14.325000,61.320000,64.446667,0.086667
14.400000,68.260000,64.511667,0.086667
14.475000,63.490000,64.511667,0.086667
14.550000,63.100000,64.511667,0.000000
14.625000,64.280000,64.511667,0.806111
14.700000,63.460000,64.511667,0.806111
14.775000,64.480000,64.511667,0.806111
14.850000,66.960000,65.116250,0.806111
14.925000,63.380000,65.116250,0.806111
15.000000,65.460000,65.116250,0.000000
15.075000,65.960000,65.116250,0.000000
15.150000,65.980000,65.116250,0.000000
15.225000,64.920000,65.116250,1.845000
15.300000,64.810000,65.116250,2.045000
15.375000,63.460000,65.116250,2.533889
15.450000,66.500000,66.500000,2.533889
15.525000,66.650000,66.650000,2.533889
15.600000,69.180000,67.016667,1.013333
15.675000,65.570000,67.016667,0.854933
15.750000,66.300000,67.016667,0.366044
15.825000,67.260000,67.260000,0.366044
15.900000,68.020000,67.291200,0.366044
15.975000,66.990000,67.291200,0.041600
16.050000,70.600000,67.291200,0.000000
16.125000,68.100000,67.291200,0.000000
16.200000,69.300000,67.291200,0.000000
16.275000,70.370000,67.291200,0.000000
16.350000,70.800000,67.291200,0.000000
16.425000,68.760000,67.291200,0.000000
16.500000,68.550000,67.291200,0.000000
16.575000,67.400000,67.291200,0.000000
16.650000,67.830000,67.291200,0.000000
16.725000,69.660000,67.291200,0.000000
16.800000,69.790000,67.291200,0.000000
16.875000,69.870000,67.291200,0.000000
16.950000,67.480000,67.291200,0.000000
17.025000,71.040000,67.291200,0.000000
17.100000,68.350000,67.291200,0.000000
17.175000,70.800000,67.291200,0.000000
17.250000,66.170000,67.291200,0.000000
17.325000,67.860000,67.291200,0.000000
17.400000,70.580000,67.291200,0.000000
17.475000,66.490000,67.291200,0.000000
17.550000,66.190000,67.291200,0.000000
17.625000,66.520000,67.291200,0.000000
17.700000,67.680000,67.291200,0.000000
17.775000,68.650000,67.291200,0.000000
17.850000,67.310000,67.291200,0.000000
17.925000,63.820000,67.291200,0.000000
18.000000,65.880000,67.291200,0.000000
18.075000,66.590000,67.291200,0.000000
18.150000,65.800000,67.291200,0.000000
18.225000,64.300000,67.291200,0.000000
18.300000,68.210000,67.291200,0.000000
18.375000,64.680000,67.291200,0.000000
18.450000,71.870000,67.291200,0.000000
18.525000,66.780000,67.291200,0.000000
18.600000,61.340000,67.291200,0.000000
18.675000,63.170000,67.291200,0.000000
18.750000,62.810000,67.291200,0.000000
18.825000,68.260000,67.291200,0.000000
18.900000,63.680000,67.291200,0.000000
18.975000,65.570000,67.291200,0.000000
19.050000,64.420000,67.291200,0.000000
19.125000,65.980000,67.291200,0.000000
19.200000,67.690000,67.291200,0.000000
19.275000,70.240000,67.291200,0.000000
19.350000,65.640000,67.291200,0.000000
19.425000,68.110000,67.291200,0.541733
19.500000,62.860000,67.291200,0.541733
19.575000,65.700000,67.291200,0.541733
19.650000,68.620000,67.697500,0.541733
19.725000,67.590000,67.697500,0.753956
19.800000,66.910000,67.697500,0.212222
19.875000,67.670000,67.697500,0.212222
19.950000,68.400000,67.856667,0.576667
20.025000,68.180000,67.856667,1.084545
20.100000,66.990000,67.856667,0.872323
20.175000,68.130000,68.130000,0.872323
20.250000,69.810000,68.510909,0.872323
20.325000,68.560000,68.510909,0.507879
20.400000,67.970000,68.510909,0.000000
20.475000,70.240000,68.510909,0.000000
20.550000,67.950000,68.510909,0.000000
20.625000,67.870000,68.510909,0.000000
20.700000,67.310000,68.510909,0.000000
20.775000,68.490000,68.510909,0.000000
20.850000,68.850000,68.510909,1.005871
20.925000,69.540000,68.510909,1.005871
21.000000,67.030000,68.510909,1.005871
21.075000,73.180000,69.265312,1.005871
21.150000,68.050000,69.265312,1.005871
21.225000,67.940000,69.265312,0.000000
21.300000,69.450000,69.265312,0.000000
21.375000,70.610000,69.265312,0.000000
21.450000,67.280000,69.265312,0.000000
21.525000,71.100000,69.265312,0.000000
21.600000,70.480000,69.265312,0.000000
21.675000,70.360000,69.265312,0.000000
21.750000,69.330000,69.265312,0.000000
21.825000,72.070000,69.265312,0.000000
21.900000,70.620000,69.265312,0.000000
21.975000,70.130000,69.265312,0.000000
22.050000,70.180000,69.265312,0.000000
22.125000,67.710000,69.265312,0.000000
22.200000,68.130000,69.265312,0.000000
22.275000,70.170000,69.265312,0.000000
22.350000,69.640000,69.265312,0.000000
22.425000,69.890000,69.265312,0.000000
22.500000,68.790000,69.265312,0.000000
22.575000,65.680000,69.265312,0.000000
22.650000,69.280000,69.265312,0.000000
22.725000,68.750000,69.265312,0.000000
22.800000,67.640000,69.265312,0.000000
22.875000,68.720000,69.265312,0.000000
22.950000,70.780000,69.265312,0.000000
23.025000,69.860000,69.265312,0.000000
23.100000,70.560000,69.265312,0.000000
23.175000,66.540000,69.265312,0.000000
23.250000,68.200000,69.265312,0.526250
23.325000,68.350000,69.265312,0.748472
23.400000,67.020000,69.265312,0.748472
23.475000,69.660000,69.660000,0.748472
23.550000,70.710000,69.826667,0.748472
23.625000,69.370000,69.826667,0.222222
23.700000,70.030000,69.826667,0.000000
23.775000,70.830000,69.826667,0.000000
23.850000,69.670000,69.826667,0.000000
23.925000,69.140000,69.826667,0.000000
24.000000,69.860000,69.826667,1.884444
24.075000,69.090000,69.826667,1.884444
24.150000,69.740000,69.826667,1.884444
24.225000,72.480000,71.240000,1.884444
24.300000,71.840000,71.240000,1.884444
24.375000,71.390000,71.240000,0.566667
24.450000,70.350000,71.240000,0.566667
24.525000,70.140000,71.240000,0.566667
24.600000,74.090000,71.665000,0.566667
24.675000,73.620000,71.665000,0.566667
24.750000,70.980000,71.665000,0.000000
24.825000,71.600000,71.665000,1.348333
24.900000,68.990000,71.665000,1.348333
24.975000,70.710000,71.665000,1.348333
25.050000,73.380000,72.676250,1.348333
25.125000,74.160000,72.676250,1.348333
25.200000,73.730000,72.676250,0.000000
25.275000,71.600000,72.676250,0.000000
25.350000,71.550000,72.676250,0.000000
25.425000,74.320000,72.676250,0.199286
25.500000,72.730000,72.676250,0.199286
25.575000,69.940000,72.676250,0.199286
25.650000,73.290000,72.825714,0.199286
25.725000,74.750000,72.825714,0.199286
25.800000,75.710000,72.825714,0.000000
25.875000,73.840000,72.825714,0.000000
25.950000,75.040000,72.825714,0.000000
26.025000,71.920000,72.825714,0.000000
26.100000,73.040000,72.825714,0.000000
26.175000,75.940000,72.825714,0.000000
26.250000,70.470000,72.825714,0.000000
26.325000,71.870000,72.825714,0.000000
26.400000,68.900000,72.825714,0.000000
26.475000,73.740000,72.825714,1.108643
26.550000,69.830000,72.825714,1.108643
26.625000,71.220000,72.825714,1.108643
26.700000,76.180000,73.657197,1.108643
26.775000,75.620000,73.657197,1.108643
26.850000,73.020000,73.657197,0.000000
26.925000,74.780000,73.657197,0.000000
27.000000,72.930000,73.657197,0.000000
27.075000,71.290000,73.657197,0.000000
27.150000,75.050000,73.657197,0.000000
27.225000,75.640000,73.657197,0.000000
27.300000,73.790000,73.657197,0.000000
27.375000,72.680000,73.657197,0.000000
27.450000,78.120000,73.657197,0.000000
27.525000,78.610000,73.657197,0.000000
27.600000,67.180000,73.657197,0.000000
27.675000,340.730000,73.657197,0.000000
27.750000,71.290000,73.657197,0.000000
27.825000,77.150000,73.657197,0.000000
27.900000,68.540000,73.657197,0.000000
27.975000,75.520000,73.657197,0.000000
28.050000,84.520000,73.657197,0.000000
28.125000,49.560000,73.657197,0.000000
28.200000,67.300000,73.657197,0.000000
28.275000,66.650000,73.657197,0.000000
28.350000,73.480000,73.657197,0.000000
28.425000,71.300000,73.657197,0.000000
28.500000,70.770000,73.657197,0.000000
28.575000,73.180000,73.657197,0.000000
28.650000,71.590000,73.657197,0.000000
28.725000,62.010000,73.657197,0.000000
28.800000,76.360000,73.657197,0.000000
28.875000,78.070000,73.657197,0.000000
28.950000,71.440000,73.657197,0.000000
29.025000,72.580000,73.657197,0.000000
29.100000,68.240000,73.657197,0.000000
29.175000,65.290000,73.657197,0.000000
29.250000,68.170000,73.657197,0.000000
29.325000,82.310000,73.657197,0.000000
29.400000,70.600000,73.657197,0.000000
29.475000,96.940000,73.657197,0.000000
29.550000,45.000000,73.657197,0.000000
29.625000,76.440000,73.657197,0.000000
29.700000,86.620000,73.657197,0.000000
29.775000,78.410000,73.657197,0.000000
29.850000,58.330000,73.657197,0.000000
29.925000,73.390000,73.657197,0.000000
30.000000,78.050000,73.657197,0.000000
30.075000,63.840000,73.657197,0.000000
30.150000,66.810000,73.657197,0.000000
30.225000,84.310000,73.657197,0.000000
30.300000,71.570000,73.657197,0.000000
30.375000,63.770000,73.657197,0.000000
30.450000,71.470000,73.657197,0.000000
30.525000,68.580000,73.657197,0.000000
30.600000,71.260000,73.657197,0.000000
30.675000,76.480000,73.657197,0.000000
30.750000,79.030000,73.657197,0.000000
30.825000,77.300000,73.657197,0.000000
30.900000,71.820000,73.657197,0.000000
30.975000,67.220000,73.657197,0.000000
31.050000,75.230000,73.657197,0.000000
31.125000,77.210000,73.657197,0.000000
31.200000,58.150000,73.657197,0.000000
31.275000,70.010000,73.657197,0.000000
31.350000,69.080000,73.657197,0.000000
31.425000,70.510000,73.657197,0.000000
31.500000,77.420000,73.657197,0.000000
31.575000,80.330000,73.657197,0.000000
31.650000,79.440000,73.657197,0.000000
31.725000,74.500000,73.657197,0.000000
31.800000,70.380000,73.657197,0.000000
31.875000,76.140000,73.657197,0.000000
31.950000,74.800000,73.657197,0.000000
32.025000,78.120000,73.657197,0.000000
32.100000,69.660000,73.657197,0.000000
32.175000,86.550000,73.657197,0.000000
32.250000,58.340000,73.657197,0.000000
32.325000,85.870000,73.657197,0.000000
32.400000,78.640000,73.657197,0.000000
32.475000,72.120000,73.657197,0.000000
32.550000,71.880000,73.657197,0.000000
32.625000,82.300000,73.657197,0.000000
32.700000,60.400000,73.657197,0.000000
32.775000,49.670000,73.657197,0.000000
32.850000,75.820000,73.657197,0.000000
32.925000,75.520000,73.657197,0.000000
33.000000,70.700000,73.657197,0.000000
33.075000,89.400000,73.657197,0.000000
33.150000,79.820000,73.657197,0.000000
33.225000,106.840000,73.657197,0.000000
33.300000,71.650000,73.657197,0.000000
33.375000,69.120000,73.657197,0.000000
33.450000,92.140000,73.657197,0.000000
33.525000,82.190000,73.657197,0.000000
33.600000,64.980000,73.657197,0.000000
33.675000,72.560000,73.657197,0.000000
33.750000,67.760000,73.657197,0.000000
33.825000,69.710000,73.657197,0.000000
33.900000,77.860000,73.657197,0.000000
33.975000,80.990000,73.657197,0.000000
34.050000,72.710000,73.657197,0.000000
34.125000,80.280000,73.657197,0.000000
34.200000,70.420000,73.657197,0.000000
34.275000,87.030000,73.657197,0.000000
34.350000,79.430000,73.657197,0.000000
34.425000,57.040000,73.657197,0.000000
34.500000,73.650000,73.657197,0.000000
34.575000,71.800000,73.657197,0.000000
34.650000,69.200000,73.657197,0.000000
34.725000,72.620000,73.657197,0.000000
34.800000,87.290000,73.657197,0.000000
34.875000,81.070000,73.657197,0.000000
35.550000,53.390000,73.657197,0.000000
35.625000,83.740000,73.657197,0.000000
35.700000,78.170000,73.657197,0.000000
35.775000,62.890000,73.657197,0.000000
35.850000,53.140000,73.657197,0.000000
35.925000,81.900000,73.657197,0.000000
36.075000,60.890000,73.657197,0.000000
36.150000,76.050000,73.657197,0.000000
36.900000,68.230000,73.657197,0.000000
36.975000,52.590000,73.657197,0.000000
40.800000,64.540000,73.657197,0.000000
40.875000,59.990000,73.657197,0.000000
41.250000,79.070000,73.657197,0.000000
41.325000,65.620000,73.657197,0.000000
41.400000,64.190000,73.657197,0.000000
41.475000,74.750000,73.657197,0.000000
41.550000,64.790000,73.657197,0.000000
41.625000,80.920000,73.657197,0.000000
41.700000,74.650000,73.657197,0.000000
41.775000,74.340000,73.657197,0.000000
41.850000,67.330000,73.657197,0.000000
41.925000,60.630000,73.657197,0.000000
42.000000,75.130000,73.657197,0.000000
42.075000,74.720000,73.657197,0.000000
42.150000,67.080000,73.657197,0.000000
42.225000,84.810000,73.657197,0.000000
42.300000,64.080000,73.657197,0.000000
42.375000,78.030000,73.657197,0.000000
42.450000,73.980000,73.657197,0.000000
42.675000,62.770000,73.657197,0.000000
42.750000,79.690000,73.657197,0.000000
42.825000,105.730000,73.657197,0.000000
43.125000,80.080000,73.657197,0.000000
43.200000,74.620000,73.657197,0.000000
44.100000,76.460000,73.657197,0.000000
44.175000,68.580000,73.657197,0.000000
44.250000,64.300000,73.657197,0.000000
44.550000,80.100000,73.657197,0.000000
44.625000,66.110000,73.657197,0.000000
44.700000,77.580000,73.657197,0.000000
44.775000,77.140000,73.657197,0.000000
44.850000,72.200000,73.657197,0.000000
44.925000,71.740000,73.657197,0.000000
45.000000,68.110000,73.657197,0.000000
45.075000,59.340000,73.657197,0.000000
45.150000,77.070000,73.657197,0.000000
45.225000,52.370000,73.657197,0.000000
45.300000,86.340000,73.657197,0.000000
45.375000,78.720000,73.657197,0.000000
45.450000,69.740000,73.657197,0.000000
45.525000,77.680000,73.657197,0.000000
45.600000,71.700000,73.657197,0.000000
45.675000,69.540000,73.657197,0.000000
45.750000,97.180000,73.657197,0.000000
45.825000,86.470000,73.657197,0.000000
45.900000,73.150000,73.657197,0.000000
45.975000,54.140000,73.657197,0.000000
46.050000,66.510000,73.657197,0.000000
46.125000,63.680000,73.657197,0.000000
46.200000,51.460000,73.657197,0.000000
46.275000,68.720000,73.657197,0.000000
46.350000,65.730000,73.657197,0.000000
46.425000,70.430000,73.657197,0.000000
46.500000,69.000000,73.657197,0.000000
46.575000,68.640000,73.657197,0.000000
46.650000,85.340000,73.657197,0.000000
46.725000,64.520000,73.657197,0.000000
46.800000,76.420000,73.657197,0.000000
46.875000,65.950000,73.657197,0.000000
46.950000,76.560000,73.657197,0.000000
47.025000,74.980000,73.657197,0.000000
47.100000,77.280000,73.657197,0.000000
47.175000,82.110000,73.657197,0.000000
47.250000,81.880000,73.657197,0.000000
47.325000,61.020000,73.657197,0.000000
47.400000,64.180000,73.657197,0.000000
47.475000,84.730000,73.657197,0.000000
47.550000,69.040000,73.657197,0.000000
47.625000,83.310000,73.657197,0.000000
47.700000,65.310000,73.657197,0.000000
47.775000,71.020000,73.657197,0.000000
47.850000,77.450000,73.657197,0.000000
47.925000,68.960000,73.657197,0.000000
48.000000,63.080000,73.657197,0.000000
48.075000,85.230000,73.657197,0.000000
48.150000,72.070000,73.657197,0.000000
48.225000,65.070000,73.657197,0.000000
48.525000,85.340000,73.657197,0.000000
48.600000,95.780000,73.657197,0.000000
48.675000,73.490000,73.657197,0.000000
48.750000,83.140000,73.657197,0.000000
48.825000,83.310000,73.657197,0.000000
48.900000,56.070000,73.657197,0.000000
48.975000,65.920000,73.657197,0.000000
49.050000,62.180000,73.657197,0.000000
49.125000,62.190000,73.657197,0.000000
49.200000,74.070000,73.657197,0.000000
49.275000,64.180000,73.657197,0.000000
49.350000,70.520000,73.657197,0.000000
49.425000,68.900000,73.657197,0.000000
49.500000,68.880000,73.657197,0.000000
49.575000,69.630000,73.657197,0.000000
49.650000,71.890000,73.657197,0.000000
49.725000,65.330000,73.657197,0.000000
49.800000,69.890000,73.657197,0.000000
49.875000,62.820000,73.657197,0.000000
49.950000,73.570000,73.657197,0.000000
50.025000,71.800000,73.657197,0.000000
50.100000,66.990000,73.657197,0.000000
50.175000,76.020000,73.657197,0.000000
50.250000,67.430000,73.657197,0.000000
50.325000,62.910000,73.657197,0.000000
50.400000,73.710000,73.657197,0.000000
50.475000,72.100000,73.657197,0.000000
50.550000,69.040000,73.657197,0.000000
50.625000,71.650000,73.657197,0.000000
50.700000,70.100000,73.657197,0.000000
50.775000,71.100000,73.657197,0.000000
50.850000,73.790000,73.657197,0.000000
50.925000,75.150000,73.657197,0.000000
51.000000,71.000000,73.657197,0.000000
51.075000,75.290000,73.657197,0.000000
51.150000,70.930000,73.657197,0.000000
51.225000,70.380000,73.657197,0.000000
51.300000,77.950000,73.657197,0.000000
51.375000,74.530000,73.657197,0.000000
51.450000,77.980000,73.657197,1.125673
51.525000,77.380000,73.657197,1.125673
51.600000,57.240000,73.657197,0.562837
51.750000,108.740000,74.501452,1.125673
51.825000,68.300000,74.501452,1.125673
51.900000,114.400000,74.501452,0.000000
51.975000,84.860000,74.501452,0.000000
52.800000,67.650000,74.501452,0.000000
52.875000,79.990000,74.501452,0.000000
52.950000,66.780000,74.501452,0.000000
53.025000,71.330000,74.501452,0.000000
53.100000,71.280000,74.501452,0.000000
53.175000,67.130000,74.501452,0.000000
53.250000,68.480000,74.501452,0.000000
53.325000,74.680000,74.501452,0.000000
53.400000,77.300000,74.501452,0.000000
53.475000,76.700000,74.501452,0.000000
53.550000,72.440000,74.501452,0.000000
53.625000,70.630000,74.501452,0.000000
53.700000,77.510000,74.501452,0.000000
53.775000,72.940000,74.501452,0.000000
53.850000,73.510000,74.501452,0.000000
53.925000,72.500000,74.501452,0.000000
54.000000,79.290000,74.501452,0.000000
54.075000,67.210000,74.501452,0.000000
55.275000,69.580000,74.501452,0.000000
55.350000,72.700000,74.501452,0.000000
55.425000,70.550000,74.501452,0.000000
55.500000,71.350000,74.501452,0.000000
55.575000,66.860000,74.501452,0.000000
55.650000,72.660000,74.501452,0.000000
55.725000,73.750000,74.501452,0.000000
55.800000,75.650000,74.501452,0.000000
55.875000,74.170000,74.501452,0.000000
55.950000,69.680000,74.501452,0.000000
56.025000,81.660000,74.501452,0.000000
56.100000,75.090000,74.501452,0.000000
56.175000,80.060000,74.501452,0.000000
56.250000,72.350000,74.501452,0.000000
56.325000,78.010000,74.501452,0.000000
56.400000,83.040000,74.501452,0.000000
56.475000,81.470000,74.501452,0.000000
56.550000,92.050000,74.501452,0.000000
57.000000,45.410000,74.501452,0.000000
57.075000,85.630000,74.501452,0.000000
57.150000,70.420000,74.501452,0.000000
57.225000,73.960000,74.501452,0.000000
57.300000,77.690000,74.501452,0.000000
57.375000,66.960000,74.501452,0.000000
57.450000,60.950000,74.501452,0.000000
62.475000,68.290000,74.501452,0.000000
62.550000,84.200000,74.501452,0.000000
62.625000,64.860000,74.501452,0.000000
62.700000,67.910000,74.501452,0.000000
62.775000,69.820000,74.501452,0.000000
62.850000,73.000000,74.501452,0.000000
62.925000,79.180000,74.501452,0.000000
63.000000,81.340000,74.501452,0.000000
63.075000,72.940000,74.501452,0.000000
63.150000,74.100000,74.501452,0.000000
63.225000,80.560000,74.501452,0.000000
63.300000,70.390000,74.501452,0.000000
63.450000,77.800000,74.501452,2.094781
63.525000,63.290000,74.501452,2.094781
63.600000,66.060000,74.501452,2.094781
63.675000,116.670000,76.072537,2.094781
63.750000,76.030000,76.072537,2.094781
63.825000,54.840000,76.072537,0.000000
63.900000,60.470000,76.072537,0.000000
63.975000,83.360000,76.072537,0.000000
64.050000,83.810000,76.072537,0.000000
64.125000,81.500000,76.072537,0.000000
64.200000,72.180000,76.072537,0.000000
64.275000,81.650000,76.072537,0.000000
64.350000,74.590000,76.072537,0.000000
64.425000,84.700000,76.072537,0.000000
64.500000,88.150000,76.072537,0.000000
64.575000,89.080000,76.072537,0.000000
64.650000,76.250000,76.072537,0.000000
64.725000,79.100000,76.072537,0.000000
64.800000,72.030000,76.072537,0.000000
64.875000,77.310000,76.072537,0.000000
64.950000,68.820000,76.072537,0.000000
65.025000,76.280000,76.072537,0.000000
65.100000,80.390000,76.072537,0.000000
65.175000,83.480000,76.072537,0.000000
65.250000,87.060000,76.072537,0.000000
65.325000,78.840000,76.072537,0.000000
65.400000,78.880000,76.072537,0.000000
65.475000,78.650000,76.072537,0.000000
65.550000,75.490000,76.072537,0.000000
65.625000,87.980000,76.072537,0.000000
65.700000,64.710000,76.072537,0.000000
65.775000,83.720000,76.072537,0.000000
65.850000,72.240000,76.072537,0.000000
65.925000,81.440000,76.072537,0.000000
66.000000,77.300000,76.072537,0.000000
66.075000,71.420000,76.072537,0.000000
66.150000,64.690000,76.072537,0.000000
66.225000,65.440000,76.072537,0.000000
66.300000,56.520000,76.072537,0.000000
66.375000,78.460000,76.072537,0.000000
66.450000,72.520000,76.072537,0.000000
66.525000,73.060000,76.072537,0.000000
66.600000,81.090000,76.072537,0.000000
66.675000,68.830000,76.072537,0.000000
66.750000,76.100000,76.072537,0.000000
66.825000,78.030000,76.072537,0.000000
66.900000,81.780000,76.072537,0.000000
66.975000,71.750000,76.072537,0.000000
67.050000,84.400000,76.072537,0.000000
67.125000,84.590000,76.072537,0.000000
67.200000,69.330000,76.072537,0.000000
67.275000,82.280000,76.072537,0.000000
67.350000,74.900000,76.072537,0.000000
67.425000,70.550000,76.072537,0.000000
67.500000,77.080000,76.072537,0.000000
67.575000,67.590000,76.072537,0.000000
67.650000,69.390000,76.072537,0.000000
67.725000,77.030000,76.072537,0.000000
67.800000,76.100000,76.072537,0.000000
67.875000,65.960000,76.072537,0.000000
67.950000,64.880000,76.072537,0.000000
68.025000,76.770000,76.072537,0.000000
68.100000,74.380000,76.072537,0.000000
68.175000,81.080000,76.072537,0.000000
68.250000,77.550000,76.072537,0.000000
68.325000,74.230000,76.072537,0.000000
68.400000,67.540000,76.072537,0.000000
68.475000,77.800000,76.072537,0.754878
68.550000,71.120000,76.072537,0.754878
68.625000,65.620000,76.072537,0.754878
68.700000,84.250000,76.638696,0.754878
68.775000,70.810000,76.638696,0.754878
68.850000,82.750000,76.638696,0.000000
68.925000,75.920000,76.638696,0.000000
69.000000,71.370000,76.638696,0.000000
69.075000,78.290000,76.638696,0.000000
69.150000,81.160000,76.638696,0.000000
69.225000,79.620000,76.638696,0.000000
69.300000,70.080000,76.638696,0.000000
69.375000,76.380000,76.638696,0.000000
69.450000,79.980000,76.638696,0.000000
69.525000,77.000000,76.638696,0.000000
69.600000,74.690000,76.638696,0.000000
69.675000,72.700000,76.638696,0.000000
69.750000,75.470000,76.638696,0.000000
69.825000,77.900000,76.638696,0.000000
69.900000,84.400000,76.638696,0.000000
69.975000,77.450000,76.638696,0.000000
70.050000,81.250000,76.638696,0.000000
70.125000,76.200000,76.638696,0.000000
70.200000,72.260000,76.638696,0.097295
70.275000,68.320000,76.638696,0.097295
70.350000,74.440000,76.638696,0.097295
70.425000,78.400000,76.711667,0.097295
70.500000,78.000000,76.711667,0.097295
70.575000,73.820000,76.711667,0.000000
70.650000,81.140000,76.711667,0.476296
70.725000,77.910000,76.711667,0.476296
70.800000,71.000000,76.711667,0.476296
70.875000,78.900000,77.068889,0.476296
70.950000,75.300000,77.068889,0.476296
71.025000,78.430000,77.068889,0.000000
71.100000,80.170000,77.068889,0.000000
71.175000,74.190000,77.068889,0.000000
71.250000,76.060000,77.068889,0.000000
71.325000,80.050000,77.068889,1.268148
71.400000,74.750000,77.068889,1.881481
71.475000,75.770000,77.068889,1.881481
71.550000,78.020000,78.020000,1.881481
71.625000,87.660000,78.480000,1.881481
71.700000,75.700000,78.480000,2.413333
71.775000,73.160000,78.480000,1.800000
71.850000,77.400000,78.480000,1.800000
71.925000,83.760000,79.830000,1.800000
72.000000,79.100000,79.830000,1.800000
72.075000,81.670000,79.830000,0.000000
72.150000,80.910000,79.830000,0.000000
72.225000,77.000000,79.830000,0.000000
72.300000,81.520000,79.830000,0.000000
72.375000,81.860000,79.830000,0.000000
72.450000,79.590000,79.830000,0.000000
72.525000,86.240000,79.830000,0.000000
72.600000,81.480000,79.830000,0.000000
72.675000,86.840000,79.830000,0.000000
72.750000,80.980000,79.830000,0.000000
72.825000,83.020000,79.830000,0.000000
72.900000,71.590000,79.830000,0.000000
72.975000,75.770000,79.830000,0.000000
73.050000,73.600000,79.830000,0.000000
73.125000,82.430000,79.830000,0.000000
73.200000,74.730000,79.830000,0.000000
73.275000,82.670000,79.830000,0.000000
73.350000,81.150000,79.830000,0.323333
73.425000,83.470000,79.830000,0.323333
73.500000,66.880000,79.830000,0.323333
73.575000,82.780000,80.072500,0.323333
73.650000,79.350000,80.072500,0.897500
73.725000,82.870000,80.072500,0.574167
73.800000,75.290000,80.072500,0.574167
73.875000,82.210000,80.503125,0.574167
73.950000,82.150000,80.503125,0.574167
74.025000,80.620000,80.503125,0.000000
74.100000,85.880000,80.503125,0.000000
74.175000,92.680000,80.503125,0.000000
74.250000,80.000000,80.503125,0.000000
74.325000,81.380000,80.503125,0.000000
74.400000,78.070000,80.503125,0.000000
74.475000,80.410000,80.503125,0.000000
74.550000,80.850000,80.503125,0.000000
74.625000,89.100000,80.503125,0.000000
74.700000,73.410000,80.503125,0.000000
74.775000,74.750000,80.503125,0.000000
74.850000,79.580000,80.503125,0.000000
74.925000,83.590000,80.503125,0.000000
75.000000,79.000000,80.503125,0.000000
75.075000,82.270000,80.503125,0.000000
75.150000,78.330000,80.503125,0.000000
75.225000,91.000000,80.503125,0.000000
75.300000,77.930000,80.503125,0.000000
75.375000,89.800000,80.503125,0.000000
75.450000,70.640000,80.503125,0.000000
75.525000,81.560000,80.503125,0.000000
75.600000,76.850000,80.503125,0.000000
75.675000,78.650000,80.503125,0.000000
75.750000,77.590000,80.503125,0.000000
75.825000,80.450000,80.503125,0.000000
75.900000,78.530000,80.503125,0.000000
75.975000,75.540000,80.503125,0.000000
76.050000,77.700000,80.503125,2.053611
76.125000,75.110000,80.503125,2.053611
76.200000,80.470000,80.503125,2.053611
76.275000,90.640000,82.043333,2.053611
76.350000,97.130000,82.043333,2.053611
76.425000,69.860000,82.043333,0.000000
76.500000,73.640000,82.043333,0.000000
76.575000,87.550000,82.043333,0.000000
76.650000,86.750000,82.043333,0.000000
76.725000,81.240000,82.043333,0.000000
76.800000,75.810000,82.043333,0.000000
76.875000,87.530000,82.043333,0.000000
76.950000,93.810000,82.043333,0.000000
77.025000,81.880000,82.043333,0.000000
77.100000,80.370000,82.043333,0.000000
77.175000,77.540000,82.043333,0.000000
77.250000,82.480000,82.043333,0.000000
77.325000,88.710000,82.043333,0.000000
77.400000,73.010000,82.043333,0.000000
77.475000,77.750000,82.043333,0.000000
77.550000,84.780000,82.043333,0.000000
77.625000,79.920000,82.043333,0.000000
77.700000,85.350000,82.043333,0.000000
77.775000,78.110000,82.043333,0.000000
77.850000,81.930000,82.043333,0.000000
77.925000,85.200000,82.043333,0.000000
78.000000,82.620000,82.043333,0.000000
78.075000,81.130000,82.043333,0.657037
78.150000,70.190000,82.043333,0.657037
78.225000,80.240000,82.043333,0.657037
78.300000,85.750000,82.536111,0.657037
78.375000,81.620000,82.536111,0.657037
78.450000,82.740000,82.536111,0.000000
78.525000,86.650000,82.536111,0.000000
78.600000,81.670000,82.536111,0.000000
78.675000,89.200000,82.536111,0.000000
78.750000,70.950000,82.536111,0.000000
78.825000,96.940000,82.536111,0.000000
78.900000,80.400000,82.536111,0.000000
78.975000,80.920000,82.536111,0.000000
79.050000,73.760000,82.536111,0.000000
79.125000,89.650000,82.536111,0.000000
79.200000,83.320000,82.536111,0.000000
79.275000,78.760000,82.536111,0.000000
79.350000,76.690000,82.536111,0.000000
79.425000,85.070000,82.536111,0.692365
79.500000,93.220000,82.536111,0.692365
79.575000,68.340000,82.536111,0.692365
79.650000,83.230000,83.055385,0.692365
79.725000,88.320000,83.055385,0.692365
79.800000,79.630000,83.055385,0.000000
79.875000,89.330000,83.055385,0.000000
79.950000,84.240000,83.055385,0.000000
80.025000,87.380000,83.055385,0.000000
80.100000,84.950000,83.055385,0.000000
80.175000,77.070000,83.055385,0.000000
80.250000,88.290000,83.055385,0.000000
80.325000,97.330000,83.055385,0.000000
80.400000,70.100000,83.055385,0.000000
80.475000,79.150000,83.055385,0.000000
80.550000,85.500000,83.055385,0.000000
80.625000,92.910000,83.055385,0.000000
80.700000,81.430000,83.055385,0.000000
80.775000,86.660000,83.055385,0.000000
80.850000,91.850000,83.055385,0.000000
80.925000,80.030000,83.055385,0.000000
81.000000,92.550000,83.055385,0.000000
81.075000,78.000000,83.055385,0.000000
81.150000,91.200000,83.055385,0.000000
81.225000,95.690000,83.055385,0.000000
81.300000,74.230000,83.055385,0.000000
81.375000,90.240000,83.055385,0.000000
81.450000,79.230000,83.055385,0.000000
81.525000,81.960000,83.055385,0.000000
81.600000,78.830000,83.055385,0.000000
81.675000,80.370000,83.055385,0.000000
81.750000,80.320000,83.055385,0.000000
81.825000,76.810000,83.055385,0.000000
81.900000,83.500000,83.055385,0.000000
81.975000,74.380000,83.055385,0.000000
82.050000,90.190000,83.055385,0.000000
82.125000,84.780000,83.055385,0.000000
82.200000,86.510000,83.055385,0.000000
82.275000,68.820000,83.055385,0.000000
82.350000,72.530000,83.055385,1.402821
82.425000,68.890000,83.055385,1.402821
82.500000,82.730000,83.055385,1.402821
82.575000,91.140000,84.107500,1.402821
82.650000,82.430000,84.107500,3.663043
82.725000,81.760000,84.107500,2.260222
82.800000,81.100000,84.107500,2.260222
82.875000,88.100000,85.802667,2.260222
82.950000,93.510000,85.802667,2.260222
83.025000,84.440000,85.802667,0.000000
83.100000,90.660000,85.802667,0.000000
83.175000,82.540000,85.802667,0.000000
83.250000,89.540000,85.802667,0.000000
83.325000,86.300000,85.802667,0.000000
83.400000,88.050000,85.802667,0.000000
83.475000,82.100000,85.802667,0.000000
83.550000,81.880000,85.802667,0.000000
83.625000,87.760000,85.802667,0.000000
83.700000,83.260000,85.802667,0.000000
83.775000,82.450000,85.802667,0.399778
83.850000,81.730000,85.802667,0.399778
83.925000,84.720000,85.802667,0.399778
84.000000,86.910000,86.102500,0.399778
84.075000,90.230000,86.102500,1.809778
84.150000,93.770000,86.102500,4.131524
84.225000,73.500000,86.102500,4.131524
84.300000,87.160000,87.160000,4.131524
84.375000,98.280000,89.201143,4.131524
84.450000,95.450000,89.201143,2.721524
84.525000,79.490000,89.201143,0.000000
84.600000,91.700000,89.201143,0.000000
84.675000,90.510000,89.201143,0.000000
84.750000,94.990000,89.201143,0.000000
84.825000,88.900000,89.201143,0.000000
84.900000,84.750000,89.201143,0.000000
84.975000,90.360000,89.201143,0.000000
85.050000,95.850000,89.201143,0.000000
85.125000,92.180000,89.201143,0.000000
85.200000,81.310000,89.201143,0.000000
85.275000,84.260000,89.201143,0.000000
85.350000,89.510000,89.201143,0.000000
85.425000,85.940000,89.201143,0.000000
85.500000,98.710000,89.201143,0.000000
85.575000,89.920000,89.201143,0.000000
85.650000,91.590000,89.201143,0.000000
85.725000,97.500000,89.201143,0.000000
85.800000,91.580000,89.201143,0.000000
85.875000,83.230000,89.201143,0.000000
85.950000,87.660000,89.201143,0.000000
86.025000,105.170000,89.201143,0.000000
86.100000,85.950000,89.201143,0.000000
86.175000,83.580000,89.201143,0.000000
86.250000,88.830000,89.201143,0.000000
86.325000,81.910000,89.201143,0.000000
86.400000,99.780000,89.201143,0.000000
86.475000,82.540000,89.201143,0.000000
86.550000,93.120000,89.201143,0.000000
86.625000,78.480000,89.201143,0.000000
86.775000,101.550000,89.201143,0.000000
86.850000,97.680000,89.201143,1.527514
87.150000,86.140000,89.201143,6.110055
87.225000,53.640000,89.201143,2.036685
87.450000,124.080000,93.783684,6.110055
87.525000,92.040000,93.783684,6.110055
87.600000,121.700000,93.783684,0.000000
87.825000,81.720000,93.783684,0.000000
87.900000,84.190000,93.783684,0.000000
95.700000,105.390000,93.783684,0.000000
95.775000,92.640000,93.783684,0.000000
96.075000,103.060000,93.783684,0.000000
96.150000,98.140000,93.783684,0.000000
96.225000,81.020000,93.783684,0.000000
96.600000,94.630000,93.783684,0.000000
96.675000,68.770000,93.783684,0.000000
96.750000,105.360000,93.783684,0.000000
96.900000,93.670000,93.783684,0.000000
96.975000,85.450000,93.783684,0.000000
97.425000,99.280000,93.783684,0.000000
98.025000,70.420000,93.783684,0.365391
98.100000,89.750000,93.783684,0.073078
98.475000,90.580000,93.783684,0.365391
98.550000,98.730000,94.057727,0.365391
98.625000,100.510000,94.057727,0.365391
98.700000,100.700000,94.057727,0.000000
98.775000,113.430000,94.057727,0.000000
98.850000,99.500000,94.057727,0.000000
98.925000,102.550000,94.057727,0.000000
99.000000,106.040000,94.057727,0.000000
99.075000,116.150000,94.057727,0.000000
99.150000,79.000000,94.057727,0.000000
99.225000,91.770000,94.057727,0.000000
99.300000,90.100000,94.057727,0.000000
99.375000,90.720000,94.057727,0.000000
99.450000,80.970000,94.057727,0.000000
99.525000,93.690000,94.057727,0.000000
99.600000,86.540000,94.057727,0.000000
99.675000,81.680000,94.057727,0.000000
99.975000,107.420000,94.057727,0.000000
100.050000,83.850000,94.057727,0.000000
100.125000,100.270000,94.057727,0.000000
100.200000,90.410000,94.057727,3.878586
100.275000,71.350000,94.057727,3.878586
100.350000,83.890000,94.057727,3.878586
100.425000,124.110000,96.966667,3.878586
100.500000,91.360000,96.966667,3.878586
100.575000,117.830000,96.966667,0.000000
100.650000,91.220000,96.966667,0.000000
100.725000,99.230000,96.966667,0.000000
100.800000,104.750000,96.966667,0.000000
100.875000,118.920000,96.966667,0.000000
100.950000,94.890000,96.966667,0.000000
101.025000,74.630000,96.966667,0.000000
101.100000,90.150000,96.966667,0.000000
101.175000,92.590000,96.966667,0.000000
101.250000,87.530000,96.966667,0.000000
101.325000,109.670000,96.966667,0.000000
101.400000,74.190000,96.966667,0.000000
101.475000,90.510000,96.966667,0.000000
101.550000,94.000000,96.966667,16.311111
101.625000,96.100000,96.966667,26.671111
101.700000,93.720000,96.966667,1.535079
102.225000,109.200000,109.200000,17.909259
102.300000,116.970000,116.970000,
