dis,phi,reg_phi
1.05,29.13,18.869999999999997
1.125,8.61,18.869999999999997
1.2,65.15,32.1113888888889
1.275,28.44,32.1113888888889
1.35,32.37,32.1113888888889
1.4249999999999998,28.16,32.1113888888889
1.5,26.51,32.1113888888889
1.575,30.78,32.1113888888889
1.65,30.85,32.1113888888889
1.725,29.9,32.1113888888889
1.7999999999999998,27.62,32.1113888888889
1.875,30.17,32.1113888888889
1.95,31.27,32.1113888888889
2.025,34.22,32.1113888888889
2.1,34.16,32.1113888888889
2.1750000000000003,32.97,32.1113888888889
2.25,31.3,32.1113888888889
2.325,30.97,32.1113888888889
2.4,30.37,32.1113888888889
2.475,32.28,32.1113888888889
2.5500000000000003,32.1,32.1113888888889
2.625,31.31,32.1113888888889
2.7,30.13,32.1113888888889
2.775,31.68,32.1113888888889
2.85,32.59,32.1113888888889
2.9250000000000003,29.19,32.1113888888889
3.0,34.38,32.1113888888889
3.075,34.73,32.1113888888889
3.15,30.78,32.1113888888889
3.225,30.47,32.1113888888889
3.3000000000000003,32.92,32.1113888888889
3.375,31.54,32.1113888888889
3.45,32.45,32.1113888888889
3.525,28.96,32.1113888888889
3.6,31.91,32.1113888888889
3.675,32.44,32.1113888888889
3.75,30.81,32.1113888888889
3.825,30.13,32.1113888888889
3.9,33.42,32.39
3.975,31.36,32.39
4.05,35.1,32.52225
4.125,34.94,32.52225
4.2,32.87,32.52225
4.275,32.99,32.52225
4.35,33.03,32.52225
4.425,33.35,32.52225
4.5,33.01,32.52225
4.575,35.22,32.52225
4.65,31.74,32.52225
4.725,32.83,32.52225
4.8,32.69,32.52225
4.875,36.03,32.52225
4.95,32.76,32.52225
5.025,32.77,32.52225
5.1,33.2,32.52225
5.175,32.23,32.52225
5.25,32.96,32.52225
5.325,33.83,32.52225
5.4,28.9,32.52225
5.475,31.48,32.52225
5.55,31.27,32.52225
5.625,32.1,32.52225
5.7,32.99,32.52225
5.775,33.61,32.52225
5.85,30.18,32.52225
5.925,34.36,32.52225
6.0,31.38,32.52225
6.075,33.27,32.52225
6.15,32.39,32.52225
6.225,31.79,32.52225
6.3,32.07,32.52225
6.375,31.0,32.52225
6.45,33.66,32.52225
6.525,30.69,32.52225
6.6,32.27,32.52225
6.675,31.26,32.52225
6.75,31.98,32.52225
6.825,29.67,32.52225
6.9,31.77,32.52225
6.975,31.25,32.52225
7.05,34.16,32.6875
7.125,32.4,32.6875
7.2,31.62,32.6875
7.274999999999999,32.57,32.6875
7.35,36.55,33.45214285714285
7.425,33.06,33.45214285714285
7.5,34.64,33.45214285714285
7.575,33.31,33.45214285714285
7.649999999999999,34.32,33.45214285714285
7.725,33.5,33.45214285714285
7.8,33.08,33.45214285714285
7.875,32.68,33.45214285714285
7.95,33.41,33.45214285714285
8.024999999999999,35.62,33.45214285714285
8.1,32.9,33.45214285714285
8.174999999999999,31.61,33.45214285714285
8.249999999999998,30.96,33.45214285714285
8.325,32.69,33.45214285714285
8.399999999999999,35.09,34.945
8.475,36.32,34.945
8.549999999999999,34.85,34.945
8.624999999999998,33.52,34.945
8.7,35.82,35.74333333333333
8.774999999999999,36.84,35.74333333333333
8.85,37.11,35.74333333333333
8.924999999999999,33.48,35.74333333333333
8.999999999999998,36.03,35.74333333333333
9.075,35.18,35.74333333333333
9.15,36.27,36.27
9.225,36.45,36.400000000000006
9.3,36.35,36.400000000000006
9.374999999999998,38.88,37.593333333333334
9.45,38.68,37.593333333333334
9.525,35.22,37.593333333333334
9.6,39.28,39.28
9.675,40.86,40.86
9.749999999999998,43.99,41.72
9.825,40.26,41.72
9.9,40.91,41.72
9.975,46.82,44.23142857142857
10.05,44.52,44.23142857142857
10.124999999999998,42.54,44.23142857142857
10.2,44.5,44.23142857142857
10.275,44.75,44.23142857142857
10.35,42.61,44.23142857142857
10.425,43.88,44.23142857142857
10.499999999999998,46.1,46.1
10.575,47.87,47.025
10.65,46.18,47.025
10.725,48.81,48.1
10.8,49.44,48.1
10.874999999999998,46.05,48.1
10.95,49.44,49.44
11.025,49.73,49.73
11.1,50.55,50.0775
11.175,50.76,50.0775
11.249999999999998,50.26,50.0775
11.325,48.74,50.0775
11.4,57.28,53.26125
11.475,50.93,53.26125
11.55,55.2,53.26125
11.624999999999998,55.11,53.26125
11.7,49.25,53.26125
11.775,52.5,53.26125
11.85,53.88,53.26125
11.925,51.94,53.26125
11.999999999999998,53.99,53.99
12.075,55.96,55.225
12.15,54.49,55.225
12.225,57.85,55.3975
12.3,54.88,55.3975
12.374999999999998,54.55,55.3975
12.45,54.31,55.3975
12.525,56.45,56.45
12.6,58.7,57.19
12.675,57.57,57.19
12.749999999999998,55.3,57.19
12.825,58.9,57.55111111111111
12.9,58.96,57.55111111111111
12.975,58.03,57.55111111111111
13.05,55.95,57.55111111111111
13.124999999999998,58.12,57.55111111111111
13.2,59.7,57.55111111111111
13.275,56.95,57.55111111111111
13.35,57.26,57.55111111111111
13.425,54.09,57.55111111111111
13.499999999999998,61.22,59.465
13.575,57.71,59.465
13.65,59.55,59.55
13.725,61.88,61.25
13.8,60.62,61.25
13.874999999999998,62.19,61.56666666666666
13.95,63.67,61.56666666666666
14.025,58.84,61.56666666666666
14.1,62.08,62.08
14.175,65.77,64.44666666666666
14.249999999999998,66.25,64.44666666666666
14.325,61.32,64.44666666666666
14.4,68.26,64.51166666666667
14.474999999999998,63.49,64.51166666666667
14.55,63.1,64.51166666666667
14.624999999999998,64.28,64.51166666666667
14.7,63.46,64.51166666666667
14.775,64.48,64.51166666666667
14.849999999999998,66.96,65.11625
14.925,63.38,65.11625
14.999999999999998,65.46,65.11625
15.075,65.96,65.11625
15.15,65.98,65.11625
15.224999999999998,64.92,65.11625
15.3,64.81,65.11625
15.374999999999998,63.46,65.11625
15.45,66.5,66.5
15.525,66.65,66.65
15.599999999999998,69.18,67.01666666666667
15.675,65.57,67.01666666666667
15.749999999999998,66.3,67.01666666666667
15.825,67.26,67.26
15.9,68.02,67.29119999999998
15.974999999999998,66.99,67.29119999999998
16.05,70.6,67.29119999999998
16.125,68.1,67.29119999999998
16.2,69.3,67.29119999999998
16.275,70.37,67.29119999999998
16.349999999999998,70.8,67.29119999999998
16.424999999999997,68.76,67.29119999999998
16.5,68.55,67.29119999999998
16.575,67.4,67.29119999999998
16.65,67.83,67.29119999999998
16.724999999999998,69.66,67.29119999999998
16.799999999999997,69.79,67.29119999999998
16.875,69.87,67.29119999999998
16.95,67.48,67.29119999999998
17.025,71.04,67.29119999999998
17.099999999999998,68.35,67.29119999999998
17.174999999999997,70.8,67.29119999999998
17.25,66.17,67.29119999999998
17.325,67.86,67.29119999999998
17.4,70.58,67.29119999999998
17.474999999999998,66.49,67.29119999999998
17.549999999999997,66.19,67.29119999999998
17.625,66.52,67.29119999999998
17.7,67.68,67.29119999999998
17.775,68.65,67.29119999999998
17.849999999999998,67.31,67.29119999999998
17.924999999999997,63.82,67.29119999999998
18.0,65.88,67.29119999999998
18.075,66.59,67.29119999999998
18.15,65.8,67.29119999999998
18.225,64.3,67.29119999999998
18.3,68.21,67.29119999999998
18.375,64.68,67.29119999999998
18.45,71.87,67.29119999999998
18.525,66.78,67.29119999999998
18.6,61.34,67.29119999999998
18.675,63.17,67.29119999999998
18.75,62.81,67.29119999999998
18.825,68.26,67.29119999999998
18.9,63.68,67.29119999999998
18.975,65.57,67.29119999999998
19.05,64.42,67.29119999999998
19.125,65.98,67.29119999999998
19.2,67.69,67.29119999999998
19.275,70.24,67.29119999999998
19.35,65.64,67.29119999999998
19.425,68.11,67.29119999999998
19.5,62.86,67.29119999999998
19.575,65.7,67.29119999999998
19.65,68.62,67.6975
19.725,67.59,67.6975
19.8,66.91,67.6975
19.875,67.67,67.6975
19.95,68.4,67.85666666666667
20.025,68.18,67.85666666666667
20.1,66.99,67.85666666666667
20.175,68.13,68.13
20.25,69.81,68.5109090909091
20.325,68.56,68.5109090909091
20.4,67.97,68.5109090909091
20.475,70.24,68.5109090909091
20.55,67.95,68.5109090909091
20.625,67.87,68.5109090909091
20.7,67.31,68.5109090909091
20.775,68.49,68.5109090909091
20.85,68.85,68.5109090909091
20.925,69.54,68.5109090909091
21.0,67.03,68.5109090909091
21.075,73.18,69.2653125
21.15,68.05,69.2653125
21.225,67.94,69.2653125
21.3,69.45,69.2653125
21.375,70.61,69.2653125
21.45,67.28,69.2653125
21.525,71.1,69.2653125
21.6,70.48,69.2653125
21.675,70.36,69.2653125
21.75,69.33,69.2653125
21.825,72.07,69.2653125
21.9,70.62,69.2653125
21.975,70.13,69.2653125
22.05,70.18,69.2653125
22.125,67.71,69.2653125
22.2,68.13,69.2653125
22.275,70.17,69.2653125
22.35,69.64,69.2653125
22.425,69.89,69.2653125
22.5,68.79,69.2653125
22.575,65.68,69.2653125
22.65,69.28,69.2653125
22.725,68.75,69.2653125
22.8,67.64,69.2653125
22.875,68.72,69.2653125
22.95,70.78,69.2653125
23.025,69.86,69.2653125
23.1,70.56,69.2653125
23.175,66.54,69.2653125
23.25,68.2,69.2653125
23.325,68.35,69.2653125
23.4,67.02,69.2653125
23.475,69.66,69.66
23.55,70.71,69.82666666666667
23.625,69.37,69.82666666666667
23.7,70.03,69.82666666666667
23.775,70.83,69.82666666666667
23.85,69.67,69.82666666666667
23.925,69.14,69.82666666666667
24.0,69.86,69.82666666666667
24.075,69.09,69.82666666666667
24.15,69.74,69.82666666666667
24.225,72.48,71.23999999999998
24.3,71.84,71.23999999999998
24.375,71.39,71.23999999999998
24.45,70.35,71.23999999999998
24.525,70.14,71.23999999999998
24.6,74.09,71.66499999999999
24.675,73.62,71.66499999999999
24.75,70.98,71.66499999999999
24.825,71.6,71.66499999999999
24.9,68.99,71.66499999999999
24.975,70.71,71.66499999999999
25.05,73.38,72.67625
25.125,74.16,72.67625
25.2,73.73,72.67625
25.275,71.6,72.67625
25.35,71.55,72.67625
25.425,74.32,72.67625
25.5,72.73,72.67625
25.575,69.94,72.67625
25.65,73.29,72.82571428571428
25.725,74.75,72.82571428571428
25.8,75.71,72.82571428571428
25.875,73.84,72.82571428571428
25.95,75.04,72.82571428571428
26.025,71.92,72.82571428571428
26.1,73.04,72.82571428571428
26.175,75.94,72.82571428571428
26.25,70.47,72.82571428571428
26.325,71.87,72.82571428571428
26.4,68.9,72.82571428571428
26.475,73.74,72.82571428571428
26.55,69.83,72.82571428571428
26.625,71.22,72.82571428571428
26.7,76.18,73.65719665271968
26.775,75.62,73.65719665271968
26.85,73.02,73.65719665271968
26.925,74.78,73.65719665271968
27.0,72.93,73.65719665271968
27.075,71.29,73.65719665271968
27.15,75.05,73.65719665271968
27.225,75.64,73.65719665271968
27.3,73.79,73.65719665271968
27.375,72.68,73.65719665271968
27.45,78.12,73.65719665271968
27.525,78.61,73.65719665271968
27.6,67.18,73.65719665271968
27.675,340.73,73.65719665271968
27.75,71.29,73.65719665271968
27.825,77.15,73.65719665271968
27.9,68.54,73.65719665271968
27.975,75.52,73.65719665271968
28.05,84.52,73.65719665271968
28.125,49.56,73.65719665271968
28.2,67.3,73.65719665271968
28.275,66.65,73.65719665271968
28.35,73.48,73.65719665271968
28.425,71.3,73.65719665271968
28.5,70.77,73.65719665271968
28.575,73.18,73.65719665271968
28.65,71.59,73.65719665271968
28.725,62.01,73.65719665271968
28.8,76.36,73.65719665271968
28.875,78.07,73.65719665271968
28.95,71.44,73.65719665271968
29.025,72.58,73.65719665271968
29.1,68.24,73.65719665271968
29.175,65.29,73.65719665271968
29.25,68.17,73.65719665271968
29.325,82.31,73.65719665271968
29.4,70.6,73.65719665271968
29.475,96.94,73.65719665271968
29.55,45.0,73.65719665271968
29.625,76.44,73.65719665271968
29.7,86.62,73.65719665271968
29.775,78.41,73.65719665271968
29.85,58.33,73.65719665271968
29.925,73.39,73.65719665271968
30.0,78.05,73.65719665271968
30.075,63.84,73.65719665271968
30.15,66.81,73.65719665271968
30.225,84.31,73.65719665271968
30.3,71.57,73.65719665271968
30.375,63.77,73.65719665271968
30.45,71.47,73.65719665271968
30.525,68.58,73.65719665271968
30.6,71.26,73.65719665271968
30.675,76.48,73.65719665271968
30.75,79.03,73.65719665271968
30.825,77.3,73.65719665271968
30.9,71.82,73.65719665271968
30.975,67.22,73.65719665271968
31.05,75.23,73.65719665271968
31.125,77.21,73.65719665271968
31.2,58.15,73.65719665271968
31.275,70.01,73.65719665271968
31.35,69.08,73.65719665271968
31.425,70.51,73.65719665271968
31.5,77.42,73.65719665271968
31.575,80.33,73.65719665271968
31.65,79.44,73.65719665271968
31.725,74.5,73.65719665271968
31.8,70.38,73.65719665271968
31.875,76.14,73.65719665271968
31.95,74.8,73.65719665271968
32.025,78.12,73.65719665271968
32.1,69.66,73.65719665271968
32.175000000000004,86.55,73.65719665271968
32.25,58.34,73.65719665271968
32.325,85.87,73.65719665271968
32.4,78.64,73.65719665271968
32.475,72.12,73.65719665271968
32.550000000000004,71.88,73.65719665271968
32.625,82.3,73.65719665271968
32.7,60.4,73.65719665271968
32.775,49.67,73.65719665271968
32.85,75.82,73.65719665271968
32.925000000000004,75.52,73.65719665271968
33.0,70.7,73.65719665271968
33.075,89.4,73.65719665271968
33.15,79.82,73.65719665271968
33.225,106.84,73.65719665271968
33.300000000000004,71.65,73.65719665271968
33.375,69.12,73.65719665271968
33.45,92.14,73.65719665271968
33.525,82.19,73.65719665271968
33.6,64.98,73.65719665271968
33.675000000000004,72.56,73.65719665271968
33.75,67.76,73.65719665271968
33.825,69.71,73.65719665271968
33.9,77.86,73.65719665271968
33.975,80.99,73.65719665271968
34.050000000000004,72.71,73.65719665271968
34.125,80.28,73.65719665271968
34.2,70.42,73.65719665271968
34.275,87.03,73.65719665271968
34.35,79.43,73.65719665271968
34.425000000000004,57.04,73.65719665271968
34.5,73.65,73.65719665271968
34.575,71.8,73.65719665271968
34.65,69.2,73.65719665271968
34.725,72.62,73.65719665271968
34.800000000000004,87.29,73.65719665271968
34.875,81.07,73.65719665271968
35.550000000000004,53.39,73.65719665271968
35.625,83.74,73.65719665271968
35.7,78.17,73.65719665271968
35.775,62.89,73.65719665271968
35.85,53.14,73.65719665271968
35.925000000000004,81.9,73.65719665271968
36.075,60.89,73.65719665271968
36.15,76.05,73.65719665271968
36.9,68.23,73.65719665271968
36.975,52.59,73.65719665271968
40.8,64.54,73.65719665271968
40.875,59.99,73.65719665271968
41.25,79.07,73.65719665271968
41.325,65.62,73.65719665271968
41.4,64.19,73.65719665271968
41.475,74.75,73.65719665271968
41.55,64.79,73.65719665271968
41.625,80.92,73.65719665271968
41.7,74.65,73.65719665271968
41.775,74.34,73.65719665271968
41.85,67.33,73.65719665271968
41.925,60.63,73.65719665271968
42.0,75.13,73.65719665271968
42.075,74.72,73.65719665271968
42.15,67.08,73.65719665271968
42.225,84.81,73.65719665271968
42.3,64.08,73.65719665271968
42.375,78.03,73.65719665271968
42.45,73.98,73.65719665271968
42.675,62.77,73.65719665271968
42.75,79.69,73.65719665271968
42.825,105.73,73.65719665271968
43.125,80.08,73.65719665271968
43.2,74.62,73.65719665271968
44.1,76.46,73.65719665271968
44.175,68.58,73.65719665271968
44.25,64.3,73.65719665271968
44.55,80.1,73.65719665271968
44.625,66.11,73.65719665271968
44.7,77.58,73.65719665271968
44.775,77.14,73.65719665271968
44.85,72.2,73.65719665271968
44.925,71.74,73.65719665271968
45.0,68.11,73.65719665271968
45.075,59.34,73.65719665271968
45.15,77.07,73.65719665271968
45.225,52.37,73.65719665271968
45.3,86.34,73.65719665271968
45.375,78.72,73.65719665271968
45.45,69.74,73.65719665271968
45.525,77.68,73.65719665271968
45.6,71.7,73.65719665271968
45.675,69.54,73.65719665271968
45.75,97.18,73.65719665271968
45.825,86.47,73.65719665271968
45.9,73.15,73.65719665271968
45.975,54.14,73.65719665271968
46.05,66.51,73.65719665271968
46.125,63.68,73.65719665271968
46.2,51.46,73.65719665271968
46.275,68.72,73.65719665271968
46.35,65.73,73.65719665271968
46.425,70.43,73.65719665271968
46.5,69.0,73.65719665271968
46.575,68.64,73.65719665271968
46.65,85.34,73.65719665271968
46.725,64.52,73.65719665271968
46.8,76.42,73.65719665271968
46.875,65.95,73.65719665271968
46.95,76.56,73.65719665271968
47.025,74.98,73.65719665271968
47.1,77.28,73.65719665271968
47.175,82.11,73.65719665271968
47.25,81.88,73.65719665271968
47.325,61.02,73.65719665271968
47.4,64.18,73.65719665271968
47.475,84.73,73.65719665271968
47.55,69.04,73.65719665271968
47.625,83.31,73.65719665271968
47.7,65.31,73.65719665271968
47.775,71.02,73.65719665271968
47.85,77.45,73.65719665271968
47.925,68.96,73.65719665271968
48.0,63.08,73.65719665271968
48.075,85.23,73.65719665271968
48.15,72.07,73.65719665271968
48.225,65.07,73.65719665271968
48.525,85.34,73.65719665271968
48.6,95.78,73.65719665271968
48.675,73.49,73.65719665271968
48.75,83.14,73.65719665271968
48.825,83.31,73.65719665271968
48.9,56.07,73.65719665271968
48.975,65.92,73.65719665271968
49.05,62.18,73.65719665271968
49.125,62.19,73.65719665271968
49.2,74.07,73.65719665271968
49.275,64.18,73.65719665271968
49.35,70.52,73.65719665271968
49.425,68.9,73.65719665271968
49.5,68.88,73.65719665271968
49.575,69.63,73.65719665271968
49.65,71.89,73.65719665271968
49.725,65.33,73.65719665271968
49.8,69.89,73.65719665271968
49.875,62.82,73.65719665271968
49.95,73.57,73.65719665271968
50.025,71.8,73.65719665271968
50.1,66.99,73.65719665271968
50.175,76.02,73.65719665271968
50.25,67.43,73.65719665271968
50.325,62.91,73.65719665271968
50.4,73.71,73.65719665271968
50.475,72.1,73.65719665271968
50.55,69.04,73.65719665271968
50.625,71.65,73.65719665271968
50.7,70.1,73.65719665271968
50.775,71.1,73.65719665271968
50.85,73.79,73.65719665271968
50.925,75.15,73.65719665271968
51.0,71.0,73.65719665271968
51.075,75.29,73.65719665271968
51.15,70.93,73.65719665271968
51.225,70.38,73.65719665271968
51.3,77.95,73.65719665271968
51.375,74.53,73.65719665271968
51.45,77.98,73.65719665271968
51.525,77.38,73.65719665271968
51.6,57.24,73.65719665271968
51.75,108.74,74.50145161290321
51.825,68.3,74.50145161290321
51.9,114.4,74.50145161290321
51.975,84.86,74.50145161290321
52.8,67.65,74.50145161290321
52.875,79.99,74.50145161290321
52.95,66.78,74.50145161290321
53.025,71.33,74.50145161290321
53.1,71.28,74.50145161290321
53.175,67.13,74.50145161290321
53.25,68.48,74.50145161290321
53.325,74.68,74.50145161290321
53.4,77.3,74.50145161290321
53.475,76.7,74.50145161290321
53.55,72.44,74.50145161290321
53.625,70.63,74.50145161290321
53.7,77.51,74.50145161290321
53.775,72.94,74.50145161290321
53.85,73.51,74.50145161290321
53.925,72.5,74.50145161290321
54.0,79.29,74.50145161290321
54.075,67.21,74.50145161290321
55.275,69.58,74.50145161290321
55.35,72.7,74.50145161290321
55.425,70.55,74.50145161290321
55.5,71.35,74.50145161290321
55.575,66.86,74.50145161290321
55.65,72.66,74.50145161290321
55.725,73.75,74.50145161290321
55.8,75.65,74.50145161290321
55.875,74.17,74.50145161290321
55.95,69.68,74.50145161290321
56.025,81.66,74.50145161290321
56.1,75.09,74.50145161290321
56.175,80.06,74.50145161290321
56.25,72.35,74.50145161290321
56.325,78.01,74.50145161290321
56.4,83.04,74.50145161290321
56.475,81.47,74.50145161290321
56.55,92.05,74.50145161290321
57.0,45.41,74.50145161290321
57.075,85.63,74.50145161290321
57.15,70.42,74.50145161290321
57.225,73.96,74.50145161290321
57.3,77.69,74.50145161290321
57.375,66.96,74.50145161290321
57.45,60.95,74.50145161290321
62.475,68.29,74.50145161290321
62.55,84.2,74.50145161290321
62.625,64.86,74.50145161290321
62.7,67.91,74.50145161290321
62.775,69.82,74.50145161290321
62.85,73.0,74.50145161290321
62.925,79.18,74.50145161290321
63.0,81.34,74.50145161290321
63.075,72.94,74.50145161290321
63.15,74.1,74.50145161290321
63.225,80.56,74.50145161290321
63.3,70.39,74.50145161290321
63.45,77.8,74.50145161290321
63.525,63.29,74.50145161290321
63.6,66.06,74.50145161290321
63.675,116.67,76.07253731343283
63.75,76.03,76.07253731343283
63.825,54.84,76.07253731343283
63.9,60.47,76.07253731343283
63.975,83.36,76.07253731343283
64.05,83.81,76.07253731343283
64.125,81.5,76.07253731343283
64.2,72.18,76.07253731343283
64.275,81.65,76.07253731343283
64.35,74.59,76.07253731343283
64.425,84.7,76.07253731343283
64.5,88.15,76.07253731343283
64.575,89.08,76.07253731343283
64.65,76.25,76.07253731343283
64.725,79.1,76.07253731343283
64.8,72.03,76.07253731343283
64.875,77.31,76.07253731343283
64.95,68.82,76.07253731343283
65.025,76.28,76.07253731343283
65.1,80.39,76.07253731343283
65.175,83.48,76.07253731343283
65.25,87.06,76.07253731343283
65.325,78.84,76.07253731343283
65.4,78.88,76.07253731343283
65.475,78.65,76.07253731343283
65.55,75.49,76.07253731343283
65.625,87.98,76.07253731343283
65.7,64.71,76.07253731343283
65.775,83.72,76.07253731343283
65.85,72.24,76.07253731343283
65.925,81.44,76.07253731343283
66.0,77.3,76.07253731343283
66.075,71.42,76.07253731343283
66.15,64.69,76.07253731343283
66.225,65.44,76.07253731343283
66.3,56.52,76.07253731343283
66.375,78.46,76.07253731343283
66.45,72.52,76.07253731343283
66.525,73.06,76.07253731343283
66.6,81.09,76.07253731343283
66.675,68.83,76.07253731343283
66.75,76.1,76.07253731343283
66.825,78.03,76.07253731343283
66.9,81.78,76.07253731343283
66.975,71.75,76.07253731343283
67.05,84.4,76.07253731343283
67.125,84.59,76.07253731343283
67.2,69.33,76.07253731343283
67.275,82.28,76.07253731343283
67.35,74.9,76.07253731343283
67.425,70.55,76.07253731343283
67.5,77.08,76.07253731343283
67.575,67.59,76.07253731343283
67.65,69.39,76.07253731343283
67.725,77.03,76.07253731343283
67.8,76.1,76.07253731343283
67.875,65.96,76.07253731343283
67.95,64.88,76.07253731343283
68.025,76.77,76.07253731343283
68.1,74.38,76.07253731343283
68.175,81.08,76.07253731343283
68.25,77.55,76.07253731343283
68.325,74.23,76.07253731343283
68.4,67.54,76.07253731343283
68.475,77.8,76.07253731343283
68.55,71.12,76.07253731343283
68.625,65.62,76.07253731343283
68.7,84.25,76.63869565217392
68.775,70.81,76.63869565217392
68.85,82.75,76.63869565217392
68.925,75.92,76.63869565217392
69.0,71.37,76.63869565217392
69.075,78.29,76.63869565217392
69.15,81.16,76.63869565217392
69.225,79.62,76.63869565217392
69.3,70.08,76.63869565217392
69.375,76.38,76.63869565217392
69.45,79.98,76.63869565217392
69.525,77.0,76.63869565217392
69.6,74.69,76.63869565217392
69.675,72.7,76.63869565217392
69.75,75.47,76.63869565217392
69.825,77.9,76.63869565217392
69.9,84.4,76.63869565217392
69.975,77.45,76.63869565217392
70.05,81.25,76.63869565217392
70.125,76.2,76.63869565217392
70.2,72.26,76.63869565217392
70.275,68.32,76.63869565217392
70.35,74.44,76.63869565217392
70.425,78.4,76.71166666666666
70.5,78.0,76.71166666666666
70.575,73.82,76.71166666666666
70.65,81.14,76.71166666666666
70.725,77.91,76.71166666666666
70.8,71.0,76.71166666666666
70.875,78.9,77.0688888888889
70.95,75.3,77.0688888888889
71.025,78.43,77.0688888888889
71.1,80.17,77.0688888888889
71.175,74.19,77.0688888888889
71.25,76.06,77.0688888888889
71.325,80.05,77.0688888888889
71.4,74.75,77.0688888888889
71.475,75.77,77.0688888888889
71.55,78.02,78.02
71.625,87.66,78.48
71.7,75.7,78.48
71.775,73.16,78.48
71.85,77.4,78.48
71.925,83.76,79.83000000000001
72.0,79.1,79.83000000000001
72.075,81.67,79.83000000000001
72.15,80.91,79.83000000000001
72.225,77.0,79.83000000000001
72.3,81.52,79.83000000000001
72.375,81.86,79.83000000000001
72.45,79.59,79.83000000000001
72.525,86.24,79.83000000000001
72.6,81.48,79.83000000000001
72.675,86.84,79.83000000000001
72.75,80.98,79.83000000000001
72.825,83.02,79.83000000000001
72.9,71.59,79.83000000000001
72.975,75.77,79.83000000000001
73.05,73.6,79.83000000000001
73.125,82.43,79.83000000000001
73.2,74.73,79.83000000000001
73.275,82.67,79.83000000000001
73.35,81.15,79.83000000000001
73.425,83.47,79.83000000000001
73.5,66.88,79.83000000000001
73.575,82.78,80.0725
73.65,79.35,80.0725
73.725,82.87,80.0725
73.8,75.29,80.0725
73.875,82.21,80.50312499999998
73.95,82.15,80.50312499999998
74.025,80.62,80.50312499999998
74.1,85.88,80.50312499999998
74.175,92.68,80.50312499999998
74.25,80.0,80.50312499999998
74.325,81.38,80.50312499999998
74.4,78.07,80.50312499999998
74.475,80.41,80.50312499999998
74.55,80.85,80.50312499999998
74.625,89.1,80.50312499999998
74.7,73.41,80.50312499999998
74.775,74.75,80.50312499999998
74.85,79.58,80.50312499999998
74.925,83.59,80.50312499999998
75.0,79.0,80.50312499999998
75.075,82.27,80.50312499999998
75.15,78.33,80.50312499999998
75.225,91.0,80.50312499999998
75.3,77.93,80.50312499999998
75.375,89.8,80.50312499999998
75.45,70.64,80.50312499999998
75.525,81.56,80.50312499999998
75.6,76.85,80.50312499999998
75.675,78.65,80.50312499999998
75.75,77.59,80.50312499999998
75.825,80.45,80.50312499999998
75.9,78.53,80.50312499999998
75.975,75.54,80.50312499999998
76.05,77.7,80.50312499999998
76.125,75.11,80.50312499999998
76.2,80.47,80.50312499999998
76.275,90.64,82.04333333333334
76.35,97.13,82.04333333333334
76.425,69.86,82.04333333333334
76.5,73.64,82.04333333333334
76.575,87.55,82.04333333333334
76.65,86.75,82.04333333333334
76.725,81.24,82.04333333333334
76.8,75.81,82.04333333333334
76.875,87.53,82.04333333333334
76.95,93.81,82.04333333333334
77.025,81.88,82.04333333333334
77.1,80.37,82.04333333333334
77.175,77.54,82.04333333333334
77.25,82.48,82.04333333333334
77.325,88.71,82.04333333333334
77.4,73.01,82.04333333333334
77.475,77.75,82.04333333333334
77.55,84.78,82.04333333333334
77.625,79.92,82.04333333333334
77.7,85.35,82.04333333333334
77.775,78.11,82.04333333333334
77.85,81.93,82.04333333333334
77.925,85.2,82.04333333333334
78.0,82.62,82.04333333333334
78.075,81.13,82.04333333333334
78.15,70.19,82.04333333333334
78.225,80.24,82.04333333333334
78.3,85.75,82.53611111111111
78.375,81.62,82.53611111111111
78.45,82.74,82.53611111111111
78.525,86.65,82.53611111111111
78.6,81.67,82.53611111111111
78.675,89.2,82.53611111111111
78.75,70.95,82.53611111111111
78.825,96.94,82.53611111111111
78.9,80.4,82.53611111111111
78.975,80.92,82.53611111111111
79.05,73.76,82.53611111111111
79.125,89.65,82.53611111111111
79.2,83.32,82.53611111111111
79.275,78.76,82.53611111111111
79.35,76.69,82.53611111111111
79.425,85.07,82.53611111111111
79.5,93.22,82.53611111111111
79.575,68.34,82.53611111111111
79.65,83.23,83.05538461538463
79.725,88.32,83.05538461538463
79.8,79.63,83.05538461538463
79.875,89.33,83.05538461538463
79.95,84.24,83.05538461538463
80.025,87.38,83.05538461538463
80.1,84.95,83.05538461538463
80.175,77.07,83.05538461538463
80.25,88.29,83.05538461538463
80.325,97.33,83.05538461538463
80.4,70.1,83.05538461538463
80.475,79.15,83.05538461538463
80.55,85.5,83.05538461538463
80.625,92.91,83.05538461538463
80.7,81.43,83.05538461538463
80.775,86.66,83.05538461538463
80.85,91.85,83.05538461538463
80.925,80.03,83.05538461538463
81.0,92.55,83.05538461538463
81.075,78.0,83.05538461538463
81.15,91.2,83.05538461538463
81.225,95.69,83.05538461538463
81.3,74.23,83.05538461538463
81.375,90.24,83.05538461538463
81.45,79.23,83.05538461538463
81.525,81.96,83.05538461538463
81.6,78.83,83.05538461538463
81.675,80.37,83.05538461538463
81.75,80.32,83.05538461538463
81.825,76.81,83.05538461538463
81.9,83.5,83.05538461538463
81.975,74.38,83.05538461538463
82.05,90.19,83.05538461538463
82.125,84.78,83.05538461538463
82.2,86.51,83.05538461538463
82.275,68.82,83.05538461538463
82.35,72.53,83.05538461538463
82.425,68.89,83.05538461538463
82.5,82.73,83.05538461538463
82.575,91.14,84.10749999999999
82.65,82.43,84.10749999999999
82.725,81.76,84.10749999999999
82.8,81.1,84.10749999999999
82.875,88.1,85.80266666666668
82.95,93.51,85.80266666666668
83.025,84.44,85.80266666666668
83.1,90.66,85.80266666666668
83.175,82.54,85.80266666666668
83.25,89.54,85.80266666666668
83.325,86.3,85.80266666666668
83.4,88.05,85.80266666666668
83.475,82.1,85.80266666666668
83.55,81.88,85.80266666666668
83.625,87.76,85.80266666666668
83.7,83.26,85.80266666666668
83.775,82.45,85.80266666666668
83.85,81.73,85.80266666666668
83.925,84.72,85.80266666666668
84.0,86.91,86.10249999999999
84.075,90.23,86.10249999999999
84.15,93.77,86.10249999999999
84.225,73.5,86.10249999999999
84.3,87.16,87.16
84.375,98.28,89.20114285714287
84.45,95.45,89.20114285714287
84.525,79.49,89.20114285714287
84.6,91.7,89.20114285714287
84.675,90.51,89.20114285714287
84.75,94.99,89.20114285714287
84.825,88.9,89.20114285714287
84.9,84.75,89.20114285714287
84.975,90.36,89.20114285714287
85.05,95.85,89.20114285714287
85.125,92.18,89.20114285714287
85.2,81.31,89.20114285714287
85.275,84.26,89.20114285714287
85.35,89.51,89.20114285714287
85.425,85.94,89.20114285714287
85.5,98.71,89.20114285714287
85.575,89.92,89.20114285714287
85.65,91.59,89.20114285714287
85.725,97.5,89.20114285714287
85.8,91.58,89.20114285714287
85.875,83.23,89.20114285714287
85.95,87.66,89.20114285714287
86.025,105.17,89.20114285714287
86.1,85.95,89.20114285714287
86.175,83.58,89.20114285714287
86.25,88.83,89.20114285714287
86.325,81.91,89.20114285714287
86.4,99.78,89.20114285714287
86.475,82.54,89.20114285714287
86.55,93.12,89.20114285714287
86.625,78.48,89.20114285714287
86.775,101.55,89.20114285714287
86.85,97.68,89.20114285714287
87.15,86.14,89.20114285714287
87.225,53.64,89.20114285714287
87.45,124.08,93.78368421052632
87.525,92.04,93.78368421052632
87.6,121.7,93.78368421052632
87.825,81.72,93.78368421052632
87.9,84.19,93.78368421052632
95.7,105.39,93.78368421052632
95.775,92.64,93.78368421052632
96.075,103.06,93.78368421052632
96.15,98.14,93.78368421052632
96.225,81.02,93.78368421052632
96.6,94.63,93.78368421052632
96.675,68.77,93.78368421052632
96.75,105.36,93.78368421052632
96.9,93.67,93.78368421052632
96.975,85.45,93.78368421052632
97.425,99.28,93.78368421052632
98.025,70.42,93.78368421052632
98.1,89.75,93.78368421052632
98.475,90.58,93.78368421052632
98.55,98.73,94.05772727272728
98.625,100.51,94.05772727272728
98.7,100.7,94.05772727272728
98.775,113.43,94.05772727272728
98.85,99.5,94.05772727272728
98.925,102.55,94.05772727272728
99.0,106.04,94.05772727272728
99.075,116.15,94.05772727272728
99.15,79.0,94.05772727272728
99.225,91.77,94.05772727272728
99.3,90.1,94.05772727272728
99.375,90.72,94.05772727272728
99.45,80.97,94.05772727272728
99.525,93.69,94.05772727272728
99.6,86.54,94.05772727272728
99.675,81.68,94.05772727272728
99.975,107.42,94.05772727272728
100.05,83.85,94.05772727272728
100.125,100.27,94.05772727272728
100.2,90.41,94.05772727272728
100.275,71.35,94.05772727272728
100.35,83.89,94.05772727272728
100.425,124.11,96.96666666666665
100.5,91.36,96.96666666666665
100.575,117.83,96.96666666666665
100.65,91.22,96.96666666666665
100.725,99.23,96.96666666666665
100.8,104.75,96.96666666666665
100.875,118.92,96.96666666666665
100.95,94.89,96.96666666666665
101.025,74.63,96.96666666666665
101.1,90.15,96.96666666666665
101.175,92.59,96.96666666666665
101.25,87.53,96.96666666666665
101.325,109.67,96.96666666666665
101.4,74.19,96.96666666666665
101.475,90.51,96.96666666666665
101.55,94.0,96.96666666666665
101.625,96.1,96.96666666666665
101.7,93.72,96.96666666666665
102.225,109.2,109.2
102.3,116.97,116.97
