dis,phi,reg_phi,kdp,reg_kdp,kdp_lsf
1.0875,29.13,18.87,-136.80000000000007,0.0,
1.1625,8.61,18.87,376.9333333333336,88.27592592592602,
1.2374999999999998,65.15,32.1113888888889,-244.73333333333352,0.0,
1.3125,28.44,32.1113888888889,26.199999999999918,0.0,15.7635582010582
1.3875,32.37,32.1113888888889,-28.066666666666748,0.0,9.458134920634945
1.4625,28.16,32.1113888888889,-10.999999999999964,0.0,7.306896801139097e-15
1.5375,26.51,32.1113888888889,28.46666666666668,0.0,-1.2169340276220481e-14
1.6124999999999998,30.78,32.1113888888889,0.4666666666666688,0.0,-6.633312982894662e-15
1.6875,30.85,32.1113888888889,-6.3333333333333375,0.0,2.2193022291572864e-14
1.7625,29.9,32.1113888888889,-15.200000000000038,0.0,-4.554766975473988e-15
1.8375,27.62,32.1113888888889,16.999999999999964,0.0,-2.913409865508319e-15
1.9125,30.17,32.1113888888889,7.333333333333323,0.0,9.799549133785599e-15
1.9875,31.27,32.1113888888889,19.666666666666675,0.0,-9.431890062204588e-15
2.0625,34.22,32.1113888888889,-0.4000000000000142,0.0,9.09075065681951e-15
2.1375,34.16,32.1113888888889,-7.9333333333333,0.0,1.2533383347479352e-14
2.2125000000000004,32.97,32.1113888888889,-11.13333333333336,0.0,-4.8442002888571575e-15
2.2875,31.3,32.1113888888889,-2.2000000000000077,0.0,1.1715163851387397e-15
2.3625,30.97,32.1113888888889,-4.0,0.0,-1.1344771505168435e-15
2.4375,30.37,32.1113888888889,12.733333333333304,0.0,9.897335432390732e-15
2.5125,32.28,32.1113888888889,-1.1999999999999953,0.0,1.2803943953564438e-14
2.5875000000000004,32.1,32.1113888888889,-5.266666666666703,0.0,-8.289384456439393e-15
2.6625,31.31,32.1113888888889,-7.866666666666646,0.0,-1.7120339028559727e-14
2.7375,30.13,32.1113888888889,10.333333333333377,0.0,-8.816141879387566e-15
2.8125,31.68,32.1113888888889,6.066666666666677,0.0,-1.7163441389001706e-14
2.8875,32.59,32.1113888888889,-22.66666666666663,0.0,9.288251932126095e-15
2.9625000000000004,29.19,32.1113888888889,34.60000000000013,0.0,0.0
3.0375,34.38,32.1113888888889,2.33333333333329,0.0,6.1815022995874395e-15
3.1125,34.73,32.1113888888889,-26.3333333333334,0.0,2.585528500029582e-15
3.1875,30.78,32.1113888888889,-2.066666666666677,0.0,1.6832190511977119e-15
3.2625,30.47,32.1113888888889,16.333333333333314,0.0,0.0
3.3375000000000004,32.92,32.1113888888889,-9.200000000000047,0.0,1.2057936292459984e-14
3.4125,31.54,32.1113888888889,6.066666666666677,0.0,-6.2898365231796525e-15
3.4875,32.45,32.1113888888889,-23.26666666666676,0.0,-1.5387059324312303e-15
3.5625,28.96,32.1113888888889,19.66666666666661,0.0,-4.519110199425359e-15
3.6375,31.91,32.1113888888889,3.5333333333333297,0.0,2.2130462555304824e-15
3.7125,32.44,32.1113888888889,-10.866666666666635,0.0,0.19900793650792978
3.7875,30.81,32.1113888888889,-4.533333333333321,0.0,0.33167989417987875
3.8625,30.13,32.1113888888889,21.93333333333343,1.8574074074073668,0.4924801587301551
3.9375,33.42,32.39,-13.733333333333317,0.0,0.5554563492063563
4.0125,31.36,32.39,24.93333333333344,0.8816666666666637,0.5206084656084534
4.0875,35.1,32.52225,-1.0666666666666889,0.0,0.38793650793650375
4.1625,34.94,32.52225,-13.799999999999969,0.0,0.15744047619048246
4.237500000000001,32.87,32.52225,0.8000000000000285,0.0,0.09446428571429011
4.3125,32.99,32.52225,0.2666666666666635,0.0,-3.734227506518921e-15
4.387499999999999,33.03,32.52225,2.13333333333333,0.0,1.2234899090568676e-15
4.4625,33.35,32.52225,-2.266666666666684,0.0,1.8044256878532227e-15
4.5375,33.01,32.52225,14.733333333333304,0.0,-1.2422433108580432e-14
4.612500000000001,35.22,32.52225,-23.19999999999995,0.0,4.655488564588774e-15
4.6875,31.74,32.52225,7.266666666666735,0.0,-2.2905387819507838e-15
4.762499999999999,32.83,32.52225,-0.9333333333333348,0.0,-9.018013353107424e-15
4.8375,32.69,32.52225,22.26666666666664,0.0,1.6646877278486996e-15
4.9125,36.03,32.52225,-21.79999999999997,0.0,-2.1857286732907806e-15
4.987500000000001,32.76,32.52225,0.0666666666667006,0.0,7.535116758255099e-15
5.0625,32.77,32.52225,2.866666666666692,0.0,-2.651280018325705e-15
5.137499999999999,33.2,32.52225,-6.466666666666691,0.0,5.22521682219852e-16
5.2125,32.23,32.52225,4.866666666666681,0.0,-1.1330212318988868e-14
5.2875,32.96,32.52225,5.79999999999997,0.0,-7.107946523906663e-15
5.362500000000001,33.83,32.52225,-32.86666666666659,0.0,-3.50430647881123e-15
5.4375,28.9,32.52225,17.200000000000177,0.0,-8.393162841787184e-15
5.512499999999999,31.48,32.52225,-1.4000000000000024,0.0,4.3830292350181595e-15
5.5875,31.27,32.52225,5.533333333333332,0.0,0.0
5.6625,32.1,32.52225,5.933333333333323,0.0,-8.534010049891314e-15
5.737500000000001,32.99,32.52225,4.133333333333306,0.0,-7.954612670810742e-15
5.8125,33.61,32.52225,-22.86666666666688,0.0,-3.2331934614682533e-15
5.887499999999999,30.18,32.52225,27.8666666666666,0.0,5.472056869178381e-15
5.9625,34.36,32.52225,-19.86666666666662,0.0,-7.654632183890627e-15
6.0375,31.38,32.52225,12.599999999999998,0.0,5.336190079211262e-15
6.112500000000001,33.27,32.52225,-5.86666666666667,0.0,1.2298428343676768e-14
6.1875,32.39,32.52225,-4.000000000000047,0.0,7.376448494487952e-15
6.262499999999999,31.79,32.52225,1.8666666666666696,0.0,6.859443532250873e-15
6.3375,32.07,32.52225,-7.133333333333319,0.0,2.9655116784514996e-15
6.4125,31.0,32.52225,17.73333333333327,0.0,-3.768231100635252e-15
6.487500000000001,33.66,32.52225,-19.799999999999923,0.0,0.0
6.5625,30.69,32.52225,10.533333333333443,0.0,4.0912728948354186e-15
6.637499999999999,32.27,32.52225,-6.733333333333328,0.0,-3.64056079940942e-15
6.7125,31.26,32.52225,4.799999999999981,0.0,-3.99989395471293e-15
6.7875,31.98,32.52225,-15.399999999999954,0.0,7.515864061150736e-15
6.862500000000001,29.67,32.52225,13.999999999999952,0.0,0.11803571428571225
6.9375,31.77,32.52225,-3.4666666666666965,0.0,0.1967261904761897
7.012499999999999,31.25,32.52225,19.39999999999993,1.1016666666666663,0.23607142857143934
7.0875,34.16,32.6875,-11.733333333333292,0.0,0.2360714285714195
7.1625,32.4,32.6875,-5.199999999999972,0.0,0.7428996598639473
7.237499999999999,31.62,32.6875,6.333333333333464,0.0,1.028324829931965
7.312499999999999,32.57,32.6875,26.533333333332937,5.097619047618947,1.0923469387755078
7.387499999999999,36.55,33.45214285714285,-23.266666666666577,0.0,1.0923469387754852
7.4625,33.06,33.45214285714285,10.533333333333298,0.0,0.9102891156462501
7.5375,34.64,33.45214285714285,-8.866666666666635,0.0,0.5461734693877492
7.612499999999999,33.31,33.45214285714285,6.733333333333464,0.0,-2.469037146507248e-15
7.687499999999999,34.32,33.45214285714285,-5.466666666666591,0.0,-1.1526231475922873e-14
7.762499999999999,33.5,33.45214285714285,-2.8000000000000047,0.0,3.459063239932229e-15
7.8375,33.08,33.45214285714285,-2.666666666666651,0.0,0.0
7.9125,32.68,33.45214285714285,4.866666666666634,0.0,2.036107420020994e-15
7.987499999999999,33.41,33.45214285714285,14.733333333333652,0.0,1.0421145030752558e-14
8.0625,35.62,33.45214285714285,-18.133333333333063,0.0,3.99647916658131e-15
8.1375,32.9,33.45214285714285,-8.600000000000076,0.0,-2.6397718844242254e-15
8.212499999999999,31.61,33.45214285714285,-4.333333333333365,0.0,1.066326530612244
8.287499999999998,30.96,33.45214285714285,11.533333333333148,0.0,1.7772108843537655
8.362499999999999,32.69,33.45214285714285,16.00000000000019,9.952380952381075,2.132653061224491
8.4375,35.09,34.945,8.199999999999863,0.0,2.1326530612244894
8.5125,36.32,34.945,-9.800000000000086,0.0,2.3474489795918596
8.587499999999999,34.85,34.945,-8.86666666666674,0.0,2.016723356009081
8.662499999999998,33.52,34.945,15.333333333333096,5.322222222222138,1.1404761904761618
8.737499999999999,35.82,35.74333333333333,6.800000000000085,0.0,1.1404761904761942
8.8125,36.84,35.74333333333333,1.799999999999948,0.0,0.9503968253968293
8.8875,37.11,35.74333333333333,-24.200000000000248,0.0,0.570238095238099
8.962499999999999,33.48,35.74333333333333,17.00000000000019,0.0,0.3761904761904772
9.037499999999998,36.03,35.74333333333333,-5.666666666666596,0.0,0.7198412698412796
9.1125,35.18,35.74333333333333,7.266666666666586,3.511111111111089,0.9071428571428687
9.1875,36.27,36.27,1.2000000000000095,0.8666666666666919,1.7904761904761992
9.2625,36.45,36.400000000000006,-0.6666666666666666,0.0,2.2333333333332988
9.3375,36.35,36.400000000000006,16.866666666667232,7.955555555555737,2.2357142857142436
9.412499999999998,38.88,37.59333333333333,-1.3333333333333333,0.0,3.002380952380939
9.4875,38.68,37.59333333333333,-23.066666666666343,0.0,4.557142857142787
9.5625,35.22,37.59333333333333,27.06666666666694,11.244444444444603,5.757142857142877
9.6375,39.28,39.28,10.533333333333172,10.533333333333172,5.690476190476171
9.7125,40.86,40.86,20.86666666666737,5.73333333333352,5.49365079365085
9.787499999999998,43.99,41.72,-24.86666666666634,0.0,6.108163265306123
9.8625,40.26,41.72,4.333333333333262,0.0,5.142176870748296
9.9375,40.91,41.72,39.4000000000004,16.74285714285732,4.2020408163265195
10.0125,46.82,44.23142857142857,-15.333333333333096,0.0,3.5877551020408243
10.0875,44.52,44.23142857142857,-13.200000000000465,0.0,2.9897959183673843
10.162499999999998,42.54,44.23142857142857,13.066666666666489,0.0,1.7938775510203773
10.2375,44.5,44.23142857142857,1.666666666666643,0.0,1.9410305742194022e-14
10.3125,44.75,44.23142857142857,-14.266666666666806,0.0,1.334693877551025
10.3875,42.61,44.23142857142857,8.466666666666567,0.0,2.88520408163268
10.4625,43.88,44.23142857142857,14.800000000000484,12.45714285714327,3.7705782312926264
10.537499999999998,46.1,46.1,11.799999999999804,6.16666666666656,4.758673469387858
10.6125,47.87,47.025,-11.266666666666492,0.0,4.825680272108797
10.6875,46.18,47.025,17.533333333333516,7.166666666666753,3.9715986394557943
10.7625,48.81,48.1,4.19999999999991,0.0,3.153571428571405
10.8375,49.44,48.1,-22.600000000000755,0.0,3.0821428571428564
10.912499999999998,46.05,48.1,22.59999999999968,8.933333333333183,3.2755952380952524
10.9875,49.44,49.44,1.9333333333333005,1.9333333333333005,2.74226190476191
11.0625,49.73,49.73,5.46666666666672,2.316666666666713,2.5059523809523885
11.1375,50.55,50.0775,1.3999999999999857,0.0,1.7988095238095194
11.2125,50.76,50.0775,-3.333333333333444,0.0,2.894940476190503
11.287499999999998,50.26,50.0775,-10.133333333333162,0.0,4.038392857142922
11.3625,48.74,50.0775,56.93333333333252,21.224999999999675,4.548214285714223
11.4375,57.28,53.26125,-42.33333333333374,0.0,4.548214285714246
11.5125,50.93,53.26125,28.46666666666628,0.0,3.7901785714285667
11.5875,55.2,53.26125,-0.6000000000000426,0.0,2.274107142857126
11.662499999999998,55.11,53.26125,-39.06666666666611,0.0,-8.749781444868825e-15
11.7375,49.25,53.26125,21.66666666666636,0.0,-1.6930190205790918e-14
11.8125,52.5,53.26125,9.200000000000104,0.0,0.5205357142857107
11.8875,53.88,53.26125,-12.933333333333184,0.0,1.7497023809523824
11.9625,51.94,53.26125,13.666666666667147,4.858333333333529,2.5113095238095844
12.037499999999998,53.99,53.99,13.13333333333314,8.233333333333212,2.9285714285714786
12.1125,55.96,55.225,-9.799999999999851,0.0,2.8372023809524665
12.1875,54.49,55.225,22.400000000000208,1.150000000000007,2.2372023809524064
12.2625,57.85,55.3975,-19.79999999999971,0.0,1.1285714285714448
12.3375,54.88,55.3975,-2.200000000000109,0.0,0.9571428571428381
12.412499999999998,54.55,55.3975,-1.5999999999999432,0.0,1.9047619047619375
12.4875,54.31,55.3975,14.266666666666469,7.0166666666665805,2.384523809523813
12.5625,56.45,56.45,15.000000000000142,4.933333333333346,2.5607142857143135
12.6375,58.7,57.19,-7.5333333333332435,0.0,2.5680555555555125
12.7125,57.57,57.19,-15.133333333333857,0.0,2.062632275132247
12.787499999999998,55.3,57.19,23.99999999999967,2.407407407407394,1.0444444444444505
12.8625,58.9,57.55111111111111,0.4000000000000094,0.0,0.5158730158730045
12.9375,58.96,57.55111111111111,-6.200000000000057,0.0,0.4298941798941902
13.0125,58.03,57.55111111111111,-13.866666666666458,0.0,0.25793650793651496
13.0875,55.95,57.55111111111111,14.46666666666711,0.0,1.6825571269095883e-14
13.162499999999998,58.12,57.55111111111111,10.53333333333322,0.0,0.0
13.2375,59.7,57.55111111111111,-18.333333333333076,0.0,1.622920766403311e-15
13.3125,56.95,57.55111111111111,2.066666666666654,0.0,1.3670634920634874
13.3875,57.26,57.55111111111111,-21.133333333332995,0.0,2.2784391534391637
13.4625,54.09,57.55111111111111,47.53333333333488,12.7592592592597,2.7948412698412866
13.537499999999998,61.22,59.465,-23.39999999999965,0.0,4.049603174603162
13.6125,57.71,59.465,12.266666666666469,0.5666666666666169,4.4236772486772065
13.6875,59.55,59.55,15.533333333333516,11.33333333333346,4.143253968253985
13.7625,61.88,61.25,-8.399999999999915,0.0,2.906746031745968
13.8375,60.62,61.25,10.466666666667017,2.111111111111156,2.536904761904756
13.912499999999998,62.19,61.56666666666666,9.866666666666552,0.0,2.033333333333346
13.9875,63.67,61.56666666666666,-32.199999999999534,0.0,2.678571428571394
14.0625,58.84,61.56666666666666,21.60000000000017,3.4222222222222687,3.7769841269840962
14.1375,62.08,62.08,24.599999999999635,15.777777777777509,4.114285714285759
14.2125,65.77,64.44666666666666,3.2000000000001325,0.0,4.038492063492098
14.287499999999998,66.25,64.44666666666666,-32.8666666666662,0.0,3.2615079365079422
14.3625,61.32,64.44666666666666,46.26666666666604,0.4333333333334067,1.78333333333334
14.4375,68.26,64.51166666666667,-31.800000000001077,0.0,0.09285714285715466
14.5125,63.49,64.51166666666667,-2.599999999999905,0.0,0.07738095238097756
14.5875,63.1,64.51166666666667,7.866666666666926,0.0,0.04642857142859944
14.662499999999998,64.28,64.51166666666667,-5.466666666666591,0.0,0.4318452380952523
14.7375,63.46,64.51166666666667,6.799999999999924,0.0,0.719742063492061
14.8125,64.48,64.51166666666667,16.533333333333815,4.030555555555623,0.8636904761904265
14.8875,66.96,65.11625,-23.866666666665704,0.0,0.8636904761904382
14.9625,63.38,65.11625,13.866666666667069,0.0,0.719742063492048
15.037499999999998,65.46,65.11625,3.333333333333286,0.0,0.431845238095225
15.1125,65.96,65.11625,0.1333333333333996,0.0,1.7769838400684187e-15
15.1875,65.98,65.11625,-7.066666666666916,0.0,9.548331133993809e-15
15.2625,64.92,65.11625,-0.7333333333333018,0.0,0.988392857142895
15.3375,64.81,65.11625,-9.000000000000307,0.0,1.7544642857142938
15.412499999999998,63.46,65.11625,20.26666666666637,9.22499999999991,2.417261904761926
15.4875,66.5,66.5,1.0000000000000238,1.0000000000000238,2.627579365079335
15.5625,66.65,66.65,16.866666666667232,2.444444444444481,2.3854166666666505
15.6375,69.18,67.01666666666667,-24.06666666666585,0.0,1.8645833333333428
15.7125,65.57,67.01666666666667,4.866666666666855,0.0,0.8556190476190091
15.787499999999998,66.3,67.01666666666667,6.399999999999962,1.6222222222222396,0.64666666666663
15.8625,67.26,67.26,5.066666666666534,0.2079999999997965,0.3921904761904295
15.9375,68.02,67.29119999999998,-6.866666666666902,0.0,0.3342539682539019
16.0125,66.99,67.29119999999998,24.06666666666575,0.0,0.2109523809523277
16.0875,70.6,67.29119999999998,-16.666666666666824,0.0,0.022285714285688468
16.1625,68.1,67.29119999999998,8.000000000000094,0.0,1.7944761840144278e-14
16.237499999999997,69.3,67.29119999999998,7.13333333333345,0.0,-1.0254044055411964e-14
16.3125,70.37,67.29119999999998,2.8666666666666445,0.0,-1.3170197445816672e-15
16.387499999999996,70.8,67.29119999999998,-13.600000000000076,0.0,-1.4420919704282248e-14
16.4625,68.76,67.29119999999998,-1.4,0.0,2.9362962722568095e-15
16.5375,68.55,67.29119999999998,-7.666666666666682,0.0,2.2084744077860433e-14
16.612499999999997,67.4,67.29119999999998,2.8666666666666445,0.0,-1.842864219879105e-14
16.6875,67.83,67.29119999999998,12.200000000000104,0.0,4.345063471722019e-14
16.762499999999996,69.66,67.29119999999998,0.8666666666667393,0.0,-2.8196660356665028e-14
16.8375,69.79,67.29119999999998,0.5333333333333018,0.0,3.955469342037071e-14
16.9125,69.87,67.29119999999998,-15.933333333333488,0.0,6.351499743238804e-16
16.987499999999997,67.48,67.29119999999998,23.73333333333357,0.0,-8.852843989996317e-15
17.0625,71.04,67.29119999999998,-17.933333333333582,0.0,-1.353568344169909e-14
17.137499999999996,68.35,67.29119999999998,16.333333333333506,0.0,1.692391503705846e-14
17.2125,70.8,67.29119999999998,-30.866666666665463,0.0,2.3403025138921755e-14
17.2875,66.17,67.29119999999998,11.266666666666758,0.0,-1.8019827622929304e-14
17.362499999999997,67.86,67.29119999999998,18.133333333333496,0.0,-1.0208375906037574e-14
17.4375,70.58,67.29119999999998,-27.266666666666943,0.0,-1.940490141288613e-14
17.512499999999996,66.49,67.29119999999998,-2.0,0.0,-2.300214645194479e-14
17.5875,66.19,67.29119999999998,2.199999999999905,0.0,-2.046096332636077e-14
17.6625,66.52,67.29119999999998,7.733333333333478,0.0,-1.7029087252423456e-14
17.737499999999997,67.68,67.29119999999998,6.46666666666672,0.0,-3.3308565351168166e-15
17.8125,68.65,67.29119999999998,-8.93333333333344,0.0,3.618363133745306e-15
17.887499999999996,67.31,67.29119999999998,-23.2666666666669,0.0,1.6514633982370318e-14
17.9625,63.82,67.29119999999998,13.73333333333278,0.0,1.4053584654567452e-14
18.0375,65.88,67.29119999999998,4.733333333333431,0.0,2.9776923064714765e-15
18.1125,66.59,67.29119999999998,-5.266666666666758,0.0,8.896089494910866e-15
18.1875,65.8,67.29119999999998,-9.999999999999622,0.0,-2.0081322737513766e-14
18.262500000000003,64.3,67.29119999999998,26.06666666666689,0.0,4.11741210882784e-15
18.3375,68.21,67.29119999999998,-23.53333333333347,0.0,-2.9582705982923027e-14
18.4125,64.68,67.29119999999998,47.93333333333377,0.0,-1.1084793452108256e-14
18.4875,71.87,67.29119999999998,-33.93333333333368,0.0,-2.1498611802052774e-14
18.5625,66.78,67.29119999999998,-36.26666666666528,0.0,1.0995225236186282e-14
18.637500000000003,61.34,67.29119999999998,12.200000000000104,0.0,-2.0172861079050895e-15
18.7125,63.17,67.29119999999998,-2.400000000000019,0.0,-2.784178962842375e-14
18.7875,62.81,67.29119999999998,36.3333333333337,0.0,-2.0869459645934143e-14
18.8625,68.26,67.29119999999998,-30.53333333333366,0.0,-1.1674601133382037e-14
18.9375,63.68,67.29119999999998,12.59999999999948,0.0,-3.8004910034643333e-14
19.012500000000003,65.57,67.29119999999998,-7.666666666666682,0.0,7.0624997452805575e-15
19.0875,64.42,67.29119999999998,10.400000000000114,0.0,9.004481244385659e-15
19.1625,65.98,67.29119999999998,11.400000000000066,0.0,-1.2052417351765854e-14
19.2375,67.69,67.29119999999998,17.000000000000142,0.0,5.02552977155687e-15
19.3125,70.24,67.29119999999998,-30.666666666665467,0.0,1.9189721600905124e-14
19.387500000000003,65.64,67.29119999999998,16.466666666666814,0.0,-1.5791057909148748e-14
19.4625,68.11,67.29119999999998,-35.000000000000334,0.0,0.2902142857142936
19.5375,62.86,67.29119999999998,18.933333333333536,0.0,0.4836904761904825
19.6125,65.7,67.29119999999998,19.466666666666864,2.708666666666893,0.580428571428643
19.6875,68.62,67.6975,-6.866666666666414,0.0,0.5804285714286139
19.762500000000003,67.59,67.6975,-4.533333333333422,0.0,0.5973809523809853
19.8375,66.91,67.6975,5.066666666666749,0.0,0.47969841269842106
19.9125,67.67,67.6975,4.866666666666739,1.0611111111111036,0.22738095238094733
19.9875,68.4,67.85666666666667,-1.466666666666673,0.0,0.42261904761902935
20.0625,68.18,67.85666666666667,-7.933333333333112,0.0,0.7869588744588599
20.137500000000003,66.99,67.85666666666667,7.600000000000076,1.8222222222221929,0.9576298701298342
20.2125,68.13,68.13,11.200000000000152,2.5393939393940226,0.9346320346320601
20.2875,69.81,68.5109090909091,-8.333333333333412,0.0,0.8695526695526672
20.3625,68.56,68.5109090909091,-3.9333333333333935,0.0,0.6487012987013436
20.4375,67.97,68.5109090909091,15.133333333332732,0.0,0.2720779220779124
20.512500000000003,70.24,68.5109090909091,-15.266666666666758,0.0,-2.539877133619912e-14
20.5875,67.95,68.5109090909091,-0.533333333333327,0.0,-2.400180303928884e-14
20.6625,67.87,68.5109090909091,-3.733333333333384,0.0,6.2386139364964e-15
20.7375,67.31,68.5109090909091,7.866666666666692,0.0,1.5540130800052258e-14
20.8125,68.49,68.5109090909091,2.3999999999999053,0.0,1.1096962157260121e-14
20.887500000000003,68.85,68.5109090909091,4.600000000000123,0.0,0.5388595779220762
20.9625,69.54,68.5109090909091,-16.733333333333526,0.0,0.8980992965367735
21.0375,67.03,68.5109090909091,41.000000000000426,5.029356060606034,1.0777191558441448
21.1125,73.18,69.2653125,-34.20000000000039,0.0,1.077719155844141
21.1875,68.05,69.2653125,-0.7333333333333018,0.0,0.8980992965367975
21.262500000000003,67.94,69.2653125,10.066666666666796,0.0,0.538859577922098
21.3375,69.45,69.2653125,7.733333333333384,0.0,-2.5171953126098895e-15
21.4125,70.61,69.2653125,-22.2000000000002,0.0,8.277650534437316e-15
21.4875,67.28,69.2653125,25.466666666666864,0.0,1.4997744766947783e-14
21.5625,71.1,69.2653125,-4.133333333333113,0.0,-2.5158395065381056e-14
21.637500000000003,70.48,69.2653125,-0.8000000000000379,0.0,-2.680880270365299e-14
21.7125,70.36,69.2653125,-6.866666666666739,0.0,-2.15213860092249e-14
21.7875,69.33,69.2653125,18.266666666666804,0.0,0.0
21.8625,72.07,69.2653125,-9.666666666666682,0.0,-7.861603085462519e-15
21.9375,70.62,69.2653125,-3.2666666666666035,0.0,1.8852312008921727e-14
22.012500000000003,70.13,69.2653125,0.3333333333334123,0.0,-1.854408117877131e-14
22.0875,70.18,69.2653125,-16.46666666666691,0.0,-2.2128704768127974e-14
22.1625,67.71,69.2653125,2.800000000000038,0.0,-9.936337641632024e-15
22.2375,68.13,69.2653125,13.60000000000017,0.0,-3.864517880573035e-15
22.3125,70.17,69.2653125,-3.533333333333207,0.0,1.805403980879707e-14
22.387500000000003,69.64,69.2653125,1.6666666666666825,0.0,-9.356651191166365e-15
22.4625,69.89,69.2653125,-7.333333333333365,0.0,1.4585900321693076e-14
22.5375,68.79,69.2653125,-20.73333333333353,0.0,2.5976600719669922e-14
22.6125,65.68,69.2653125,24.00000000000019,0.0,1.3301513868743387e-14
22.6875,69.28,69.2653125,-3.533333333333207,0.0,-1.6335187954724677e-14
22.762500000000003,68.75,69.2653125,-7.400000000000066,0.0,3.3034658899927046e-15
22.8375,67.64,69.2653125,7.200000000000057,0.0,-1.128897441637882e-14
22.9125,68.72,69.2653125,13.733333333333478,0.0,9.14226913401645e-15
22.9875,70.78,69.2653125,-6.133333333333403,0.0,-6.542266372975516e-15
23.0625,69.86,69.2653125,4.666666666666509,0.0,8.849917186934517e-15
23.137500000000003,70.56,69.2653125,-26.800000000000228,0.0,-3.7142027228868576e-15
23.2125,66.54,69.2653125,11.066666666666748,0.0,2.3138766061243736e-15
23.2875,68.2,69.2653125,0.9999999999999526,0.0,0.28191964285715
23.3625,68.35,69.2653125,-8.86666666666674,0.0,0.5889136904762182
23.4375,67.02,69.2653125,17.599999999999337,2.631249999999923,0.7622519841269858
23.512500000000003,69.66,69.66,7.000000000000047,1.1111111111111531,0.8019345238095551
23.5875,70.71,69.82666666666667,-8.933333333333346,0.0,0.7079613095238153
23.6625,69.37,69.82666666666667,4.400000000000019,0.0,0.48033234126984536
23.7375,70.03,69.82666666666667,5.333333333333365,0.0,0.11904761904762315
23.8125,70.83,69.82666666666667,-7.733333333333017,0.0,-3.6089224747188096e-15
23.887500000000003,69.67,69.82666666666667,-3.5333333333333745,0.0,8.993979813549504e-16
23.9625,69.14,69.82666666666667,4.800000000000038,0.0,6.948518828721825e-15
24.0375,69.86,69.82666666666667,-5.133333333333355,0.0,1.0095238095238463
24.1125,69.09,69.82666666666667,4.333333333333318,0.0,1.6825396825396914
24.1875,69.74,69.82666666666667,18.266666666666037,9.422222222221729,2.0190476190476376
24.262500000000003,72.48,71.23999999999998,-4.266666666666711,0.0,2.019047619047627
24.3375,71.84,71.23999999999998,-3.0000000000000475,0.0,1.6825396825396628
24.4125,71.39,71.23999999999998,-6.933333333333441,0.0,1.313095238095188
24.4875,70.35,71.23999999999998,-1.3999999999999715,0.0,0.5059523809523807
24.5625,70.14,71.23999999999998,26.333333333332355,2.833333333333302,0.6071428571428911
24.637500000000003,74.09,71.66499999999999,-3.1333333333333555,0.0,0.6071428571428805
24.7125,73.62,71.66499999999999,-17.600000000000172,0.0,0.5059523809523764
24.7875,70.98,71.66499999999999,4.133333333333308,0.0,0.30357142857143604
24.8625,71.6,71.66499999999999,-17.400000000000162,0.0,0.7223214285714251
24.9375,68.99,71.66499999999999,11.466666666666224,0.0,1.203869047619096
25.012500000000003,70.71,71.66499999999999,17.80000000000018,6.741666666666757,1.4446428571428627
25.0875,73.38,72.67625,5.200000000000057,0.0,1.444642857142816
25.1625,74.16,72.67625,-2.8666666666666445,0.0,1.203869047619058
25.2375,73.73,72.67625,-14.200000000000198,0.0,0.7223214285714704
25.3125,71.6,72.67625,-0.3333333333333017,0.0,-9.124245649118774e-15
25.387500000000003,71.55,72.67625,18.46666666666681,0.0,-6.3469476669859194e-15
25.4625,74.32,72.67625,-10.600000000000028,0.0,0.1067602040816538
25.5375,72.73,72.67625,-18.600000000000215,0.0,0.1779336734693614
25.6125,69.94,72.67625,22.3333333333336,0.996428571428595,0.21352040816327314
25.6875,73.29,72.82571428571428,9.733333333332922,0.0,0.21352040816327172
25.762500000000003,74.75,72.82571428571428,6.400000000000019,0.0,0.1779336734693913
25.8375,75.71,72.82571428571428,-12.46666666666672,0.0,0.10676020408165138
25.9125,73.84,72.82571428571428,8.000000000000094,0.0,8.083867659044984e-15
25.9875,75.04,72.82571428571428,-20.800000000000228,0.0,-1.1367425909252522e-14
26.0625,71.92,72.82571428571428,7.466666666666414,0.0,-7.419086166990688e-15
26.137500000000003,73.04,72.82571428571428,19.33333333333346,0.0,2.7330754620322586e-14
26.2125,75.94,72.82571428571428,-36.466666666667,0.0,-6.761912788129784e-15
26.2875,70.47,72.82571428571428,9.33333333333346,0.0,1.695871399420086e-14
26.3625,71.87,72.82571428571428,-19.80000000000018,0.0,-3.0764828892366986e-14
26.4375,68.9,72.82571428571428,32.26666666666537,0.0,8.93915527285866e-15
26.512500000000003,73.74,72.82571428571428,-26.06666666666689,0.0,0.5939159764324591
26.5875,69.83,72.82571428571428,9.266666666666758,0.0,0.9898599607207473
26.6625,71.22,72.82571428571428,33.06666666666703,5.543215780036003,1.1878319528648198
26.7375,76.18,73.65719665271968,-3.733333333333384,0.0,1.1878319528648364
26.8125,75.62,73.65719665271968,-17.33333333333273,0.0,0.9898599607207185
26.887500000000003,73.02,73.65719665271968,11.733333333333478,0.0,0.5939159764324384
26.9625,74.78,73.65719665271968,-12.333333333333412,0.0,-2.0916720818068778e-14
27.0375,72.93,73.65719665271968,-10.93333333333344,0.0,2.4235824239050534e-14
27.1125,71.29,73.65719665271968,25.066666666666844,0.0,-3.2885394491245176e-14
27.1875,75.05,73.65719665271968,3.933333333333207,0.0,1.936071406522574e-14
27.262500000000003,75.64,73.65719665271968,-12.333333333333412,0.0,1.8322379572322725e-14
27.3375,73.79,73.65719665271968,-7.400000000000066,0.0,5.285159835210431e-14
27.4125,72.68,73.65719665271968,36.26666666666699,0.0,-6.2699779177767065e-15
27.4875,78.12,73.65719665271968,3.2666666666666635,0.0,2.149424307215985e-15
27.5625,78.61,73.65719665271968,-76.19999999999706,0.0,1.3446065798748768e-14
27.637500000000003,67.18,73.65719665271968,1823.666666666684,0.0,-1.5158653650966645e-14
27.7125,340.73,73.65719665271968,-1796.2666666666837,0.0,-2.3257892432942512e-15
27.7875,71.29,73.65719665271968,39.06666666666703,0.0,2.7060973247038395e-15
27.8625,77.15,73.65719665271968,-57.40000000000054,0.0,1.6385652119523787e-14
27.9375,68.54,73.65719665271968,46.5333333333315,0.0,2.576215433213834e-14
28.012500000000003,75.52,73.65719665271968,60.00000000000057,0.0,9.203527642155175e-15
28.0875,84.52,73.65719665271968,-233.0666666666688,0.0,8.031583731723308e-15
28.1625,49.56,73.65719665271968,118.26666666666776,0.0,-3.43294084345525e-14
28.2375,67.3,73.65719665271968,-4.333333333333318,0.0,1.2554017902494864e-14
28.3125,66.65,73.65719665271968,45.5333333333316,0.0,-2.3903275124776236e-14
28.387500000000003,73.48,73.65719665271968,-14.533333333333516,0.0,1.002798877098351e-14
28.4625,71.3,73.65719665271968,-3.5333333333333745,0.0,-5.661263373396227e-16
28.5375,70.77,73.65719665271968,16.06666666666689,0.0,-1.486881462447825e-14
28.6125,73.18,73.65719665271968,-10.600000000000124,0.0,-1.8021072710434406e-14
28.6875,71.59,73.65719665271968,-63.86666666666428,0.0,2.0782391347812692e-14
28.762500000000003,62.01,73.65719665271968,95.66666666666758,0.0,2.9878488578141087e-15
28.8375,76.36,73.65719665271968,11.400000000000066,0.0,3.3525881213373238e-15
28.9125,78.07,73.65719665271968,-44.20000000000039,0.0,-1.7648316931216942e-14
28.9875,71.44,73.65719665271968,7.600000000000076,0.0,-3.1499490175690054e-14
29.0625,72.58,73.65719665271968,-28.93333333333226,0.0,-2.86460089248933e-14
29.137500000000003,68.24,73.65719665271968,-19.666666666666774,0.0,-2.5807217014893027e-15
29.2125,65.29,73.65719665271968,19.200000000000152,0.0,1.3422072765178746e-14
29.2875,68.17,73.65719665271968,94.26666666666756,0.0,2.549165206333227e-14
29.3625,82.31,73.65719665271968,-78.06666666666746,0.0,-1.829247553098725e-15
29.4375,70.6,73.65719665271968,175.59999999999337,0.0,-1.879324786066096e-14
29.512500000000003,96.94,73.65719665271968,-346.26666666666995,0.0,-2.3477361123355013e-14
29.5875,45.0,73.65719665271968,209.600000000002,0.0,-1.4522698273674186e-15
29.6625,76.44,73.65719665271968,67.86666666666736,0.0,-6.518690716462523e-15
29.7375,86.62,73.65719665271968,-54.7333333333339,0.0,4.51545177319505e-14
29.8125,78.41,73.65719665271968,-133.8666666666616,0.0,1.0629658144292238e-14
29.887500000000003,58.33,73.65719665271968,100.40000000000096,0.0,-1.922914164158906e-14
29.9625,73.39,73.65719665271968,31.06666666666694,0.0,-3.7644972561652336e-15
30.0375,78.05,73.65719665271968,-94.7333333333342,0.0,1.4305135226973409e-15
30.1125,63.84,73.65719665271968,19.80000000000018,0.0,6.7780157697489786e-15
30.1875,66.81,73.65719665271968,116.66666666666224,0.0,1.3878204179837482e-14
30.262500000000003,84.31,73.65719665271968,-84.9333333333342,0.0,8.164298481016988e-15
30.3375,71.57,73.65719665271968,-52.000000000000426,0.0,1.593413862111982e-14
30.4125,63.77,73.65719665271968,51.33333333333379,0.0,1.200943809570248e-14
30.4875,71.47,73.65719665271968,-19.26666666666685,0.0,1.6384268570106896e-14
30.5625,68.58,73.65719665271968,17.866666666666035,0.0,1.8101488847441268e-14
30.637500000000003,71.26,73.65719665271968,34.800000000000324,0.0,1.6128741354409137e-14
30.7125,76.48,73.65719665271968,17.000000000000142,0.0,1.2067016901950233e-14
30.7875,79.03,73.65719665271968,-11.53333333333347,0.0,-8.025081133790498e-15
30.8625,77.3,73.65719665271968,-36.53333333333371,0.0,-9.74592296118011e-15
30.9375,71.82,73.65719665271968,-30.666666666665467,0.0,-1.0590359272819703e-14
31.012500000000003,67.22,73.65719665271968,53.40000000000054,0.0,-1.229667432410685e-14
31.0875,75.23,73.65719665271968,13.200000000000056,0.0,-3.559160280148798e-14
31.1625,77.21,73.65719665271968,-127.06666666666784,0.0,7.0667172275794895e-15
31.2375,58.15,73.65719665271968,79.06666666666746,0.0,1.2208104890061534e-14
31.3125,70.01,73.65719665271968,-6.19999999999981,0.0,-2.0069396581315345e-14
31.387500000000003,69.08,73.65719665271968,9.53333333333347,0.0,-1.5914479642153997e-14
31.4625,70.51,73.65719665271968,46.06666666666708,0.0,1.0925793530791048e-14
31.5375,77.42,73.65719665271968,19.40000000000016,0.0,3.78087202981223e-14
31.6125,80.33,73.65719665271968,-5.933333333333393,0.0,-1.3592440330097605e-14
31.6875,79.44,73.65719665271968,-32.93333333333207,0.0,2.4577988641730894e-14
31.762500000000003,74.5,73.65719665271968,-27.46666666666696,0.0,1.2344528840027738e-14
31.8375,70.38,73.65719665271968,38.4000000000004,0.0,9.953582330449805e-15
31.9125,76.14,73.65719665271968,-8.93333333333344,0.0,-3.113703698922411e-14
31.9875,74.8,73.65719665271968,22.133333333333592,0.0,2.501913980844692e-14
32.0625,78.12,73.65719665271968,-56.39999999999792,0.0,-1.55794453772462e-14
32.1375,69.66,73.65719665271968,112.59999999999572,0.0,7.353719087506789e-15
32.212500000000006,86.55,73.65719665271968,-188.0666666666773,0.0,9.837710791061297e-15
32.2875,58.34,73.65719665271968,183.5333333333264,0.0,2.8280103527485925e-15
32.3625,85.87,73.65719665271968,-48.20000000000277,0.0,2.0746004322850426e-14
32.4375,78.64,73.65719665271968,-43.46666666666499,0.0,-2.7652578380161086e-14
32.5125,72.12,73.65719665271968,-1.6,0.0,-2.643237425756647e-15
32.587500000000006,71.88,73.65719665271968,69.46666666667063,0.0,1.1537549425961134e-15
32.6625,82.3,73.65719665271968,-145.99999999999446,0.0,3.7986489203934294e-14
32.7375,60.4,73.65719665271968,-71.53333333333738,0.0,2.6742913137373567e-14
32.8125,49.67,73.65719665271968,174.33333333332666,0.0,2.4881176313866133e-14
32.8875,75.82,73.65719665271968,-1.9999999999999047,0.0,1.8618326947823486e-14
32.962500000000006,75.52,73.65719665271968,-32.13333333333512,0.0,-4.057381896090921e-14
33.0375,70.7,73.65719665271968,124.66666666666195,0.0,-1.6257715785415356e-14
33.1125,89.4,73.65719665271968,-63.86666666667038,0.0,-6.812774943914397e-15
33.1875,79.82,73.65719665271968,180.13333333332656,0.0,-5.421719089681831e-14
33.2625,106.84,73.65719665271968,-234.5999999999911,0.0,2.0346158390894794e-14
33.337500000000006,71.65,73.65719665271968,-16.866666666667633,0.0,1.6111417606235995e-15
33.4125,69.12,73.65719665271968,153.4666666666608,0.0,6.7516064858313954e-15
33.4875,92.14,73.65719665271968,-66.33333333333712,0.0,-7.859233212153426e-15
33.5625,82.19,73.65719665271968,-114.73333333332894,0.0,-1.7763785396806655e-14
33.6375,64.98,73.65719665271968,50.533333333331406,0.0,-1.133708752152108e-14
33.712500000000006,72.56,73.65719665271968,-32.0000000000018,0.0,1.0037289965990436e-14
33.7875,67.76,73.65719665271968,12.999999999999432,0.0,-6.199768140249849e-15
33.8625,69.71,73.65719665271968,54.33333333333646,0.0,2.4744147676344398e-14
33.9375,77.86,73.65719665271968,20.866666666665846,0.0,-6.1723663866202994e-15
34.0125,80.99,73.65719665271968,-55.19999999999792,0.0,1.879210207247489e-14
34.087500000000006,72.71,73.65719665271968,50.46666666666958,0.0,5.514928269041202e-15
34.1625,80.28,73.65719665271968,-65.73333333333083,0.0,2.672798813245988e-15
34.2375,70.42,73.65719665271968,110.73333333333964,0.0,1.6786058946556952e-14
34.3125,87.03,73.65719665271968,-50.66666666666471,0.0,-2.5202321292458466e-14
34.3875,79.43,73.65719665271968,-149.26666666666105,0.0,-9.371685258859007e-16
34.462500000000006,57.04,73.65719665271968,110.73333333333969,0.0,1.0442274110182501e-14
34.5375,73.65,73.65719665271968,-12.333333333332924,0.0,-1.6951287258755744e-14
34.6125,71.8,73.65719665271968,-17.33333333333428,0.0,-2.638050189809326e-15
34.6875,69.2,73.65719665271968,22.799999999999148,0.0,1.3609278325862769e-14
34.7625,72.62,73.65719665271968,97.7999999999963,0.0,-4.9258949755184946e-15
34.837500000000006,87.29,73.65719665271968,-41.46666666666911,0.0,1.1185491782812379e-14
35.212500000000006,81.07,73.65719665271968,-20.503703703703568,0.0,3.0505163485774925e-16
35.587500000000006,53.39,73.65719665271968,202.3333333333448,0.0,1.3665039033937994e-15
35.6625,83.74,73.65719665271968,-37.13333333333188,0.0,4.836787495898045e-15
35.7375,78.17,73.65719665271968,-101.86666666667246,0.0,6.018017405294126e-15
35.8125,62.89,73.65719665271968,-64.99999999999754,0.0,-2.0537956740853625e-14
35.8875,53.14,73.65719665271968,191.7333333333261,0.0,-8.811728472671105e-15
36.0,81.9,73.65719665271968,-70.03333333333401,0.0,-4.160622046084783e-15
36.1125,60.89,73.65719665271968,101.0666666666724,0.0,1.4672015704389484e-16
36.525,76.05,73.65719665271968,-5.2133333333333285,0.0,7.189894694745078e-16
36.9375,68.23,73.65719665271968,-104.26666666666272,0.0,-1.4095299295608253e-16
38.8875,52.59,73.65719665271968,1.562091503267976,0.0,0.0
40.8375,64.54,73.65719665271968,-30.333333333332213,0.0,8.137098191177325e-16
41.0625,59.99,73.65719665271968,25.439999999999987,0.0,-3.9993961877603607e-16
41.2875,79.07,73.65719665271968,-89.66666666666319,0.0,2.625128218798102e-16
41.3625,65.62,73.65719665271968,-9.53333333333392,0.0,1.9508483320665182e-15
41.4375,64.19,73.65719665271968,70.39999999999735,0.0,-1.296874230201879e-15
41.5125,74.75,73.65719665271968,-66.40000000000373,0.0,1.4491304371829397e-14
41.5875,64.79,73.65719665271968,107.53333333332922,0.0,1.691908359788893e-14
41.6625,80.92,73.65719665271968,-41.79999999999839,0.0,1.946704287115611e-14
41.7375,74.65,73.65719665271968,-2.066666666666799,0.0,-3.860674592237747e-16
41.8125,74.34,73.65719665271968,-46.73333333333159,0.0,2.6847789608660097e-14
41.8875,67.33,73.65719665271968,-44.66666666666918,0.0,-6.667872665366226e-15
41.9625,60.63,73.65719665271968,96.66666666666296,0.0,-3.58397591011011e-15
42.0375,75.13,73.65719665271968,-2.733333333333207,0.0,-1.7760137942252903e-14
42.1125,74.72,73.65719665271968,-50.93333333333623,0.0,7.6525936120396055e-16
42.1875,67.08,73.65719665271968,118.19999999999554,0.0,2.3044284006163554e-14
42.2625,84.81,73.65719665271968,-138.2000000000079,0.0,-1.2705814331939347e-15
42.3375,64.08,73.65719665271968,92.99999999999648,0.0,2.433957368090928e-14
42.4125,78.03,73.65719665271968,-26.99999999999896,0.0,-2.782572003253981e-15
42.5625,73.98,73.65719665271968,-24.911111111111744,0.0,1.5263654979896225e-14
42.7125,62.77,73.65719665271968,112.79999999999568,0.0,-1.6349519766603111e-15
42.7875,79.69,73.65719665271968,173.59999999999346,0.0,8.138868103160419e-15
42.975,105.73,73.65719665271968,-42.75000000000041,0.0,-3.361336268139232e-15
43.1625,80.08,73.65719665271968,-36.39999999999858,0.0,3.962096863823407e-15
43.650000000000006,74.62,73.65719665271968,1.022222222222218,0.0,6.156520648098546e-16
44.1375,76.46,73.65719665271968,-52.53333333333629,0.0,6.4877230918733954e-15
44.2125,68.58,73.65719665271968,-28.53333333333226,0.0,7.304624619737899e-16
44.4,64.3,73.65719665271968,26.333333333333577,0.0,-7.873444695179978e-15
44.5875,80.1,73.65719665271968,-93.2666666666631,0.0,-1.2067992028494196e-15
44.6625,66.11,73.65719665271968,76.46666666666376,0.0,6.1399116246413836e-15
44.7375,77.58,73.65719665271968,-2.933333333333485,0.0,1.6093737498215694e-14
44.8125,77.14,73.65719665271968,-32.93333333333207,0.0,2.0495838195018967e-14
44.8875,72.2,73.65719665271968,-3.0666666666668942,0.0,3.5658215109655316e-14
44.9625,71.74,73.65719665271968,-24.19999999999905,0.0,8.48157800383248e-15
45.0375,68.11,73.65719665271968,-58.46666666666442,0.0,8.825233712560731e-15
45.1125,59.34,73.65719665271968,118.20000000000664,0.0,2.274077445867609e-14
45.1875,77.07,73.65719665271968,-164.6666666666604,0.0,-2.258416681505566e-14
45.2625,52.37,73.65719665271968,226.4666666666796,0.0,-1.6732058312103174e-14
45.3375,86.34,73.65719665271968,-50.79999999999811,0.0,3.862147304364496e-14
45.4125,78.72,73.65719665271968,-59.86666666666442,0.0,-3.181600743594691e-14
45.4875,69.74,73.65719665271968,52.93333333333642,0.0,4.4752361742006426e-14
45.5625,77.68,73.65719665271968,-39.86666666666518,0.0,2.0630004796440286e-14
45.6375,71.7,73.65719665271968,-14.400000000000796,0.0,-1.5182269558940948e-14
45.7125,69.54,73.65719665271968,184.2666666666597,0.0,1.1514893980220033e-14
45.7875,97.18,73.65719665271968,-71.39999999999735,0.0,1.3842161903853724e-14
45.8625,86.47,73.65719665271968,-88.800000000005,0.0,-2.6936363732050314e-15
45.9375,73.15,73.65719665271968,-126.73333333332856,0.0,2.1630832591110456e-14
46.0125,54.14,73.65719665271968,82.46666666667139,0.0,1.447487181500135e-14
46.0875,66.51,73.65719665271968,-18.86666666666599,0.0,-8.624172772052979e-15
46.1625,63.68,73.65719665271968,-81.46666666666357,0.0,2.420153437082878e-14
46.2375,51.46,73.65719665271968,115.0666666666732,0.0,1.0687161619051088e-14
46.3125,68.72,73.65719665271968,-19.933333333332545,0.0,-8.814227759659933e-15
46.3875,65.73,73.65719665271968,31.333333333335133,0.0,-1.0768392827427203e-14
46.4625,70.43,73.65719665271968,-9.533333333333015,0.0,-1.225384005598266e-14
46.5375,69.0,73.65719665271968,-2.3999999999999053,0.0,-5.770798079826531e-15
46.6125,68.64,73.65719665271968,111.33333333333968,0.0,-2.1893749026055013e-15
46.6875,85.34,73.65719665271968,-138.79999999999478,0.0,6.557573612466995e-15
46.7625,64.52,73.65719665271968,79.33333333333788,0.0,-1.7688538239374073e-14
46.8375,76.42,73.65719665271968,-69.79999999999735,0.0,-8.830107104735103e-15
46.9125,65.95,73.65719665271968,70.73333333333065,0.0,1.728850059828268e-14
46.9875,76.56,73.65719665271968,-10.53333333333392,0.0,1.0287956925098594e-15
47.0625,74.98,73.65719665271968,15.333333333332734,0.0,1.1412846601447608e-14
47.1375,77.28,73.65719665271968,32.20000000000182,0.0,-7.748387785977417e-15
47.2125,82.11,73.65719665271968,-1.5333333333333017,0.0,-3.162691166868361e-14
47.2875,81.88,73.65719665271968,-139.06666666666135,0.0,-6.360784280943607e-15
47.3625,61.02,73.65719665271968,21.06666666666789,0.0,3.833108242588673e-14
47.4375,64.18,73.65719665271968,136.9999999999948,0.0,-1.777652498011614e-14
47.5125,84.73,73.65719665271968,-104.60000000000592,0.0,2.6227030265786425e-14
47.5875,69.04,73.65719665271968,95.1333333333297,0.0,-2.7088650744536794e-15
47.6625,83.31,73.65719665271968,-119.99999999999544,0.0,-2.0284519078577458e-15
47.7375,65.31,73.65719665271968,38.06666666666879,0.0,2.3065518681572438e-14
47.8125,71.02,73.65719665271968,42.86666666666509,0.0,2.7410528931963447e-14
47.8875,77.45,73.65719665271968,-56.60000000000328,0.0,2.691895060904803e-15
47.9625,68.96,73.65719665271968,-39.19999999999848,0.0,-2.2845328683763122e-14
48.0375,63.08,73.65719665271968,147.66666666666111,0.0,1.3524709243589006e-14
48.1125,85.23,73.65719665271968,-87.7333333333384,0.0,-1.3048469690647473e-14
48.1875,72.07,73.65719665271968,-46.666666666664895,0.0,1.78044130055458e-15
48.375,65.07,73.65719665271968,33.78333333333367,0.0,-8.882483505280717e-16
48.5625,85.34,73.65719665271968,69.59999999999735,0.0,1.3294291081052162e-15
48.6375,95.78,73.65719665271968,-148.6000000000085,0.0,-3.979501791491055e-15
48.7125,73.49,73.65719665271968,64.33333333333093,0.0,-1.003720042507978e-14
48.7875,83.14,73.65719665271968,1.1333333333333018,0.0,5.6147540696297355e-15
48.8625,83.31,73.65719665271968,-181.60000000001037,0.0,-7.364923706727041e-15
48.9375,56.07,73.65719665271968,65.66666666666418,0.0,-6.8048577246890455e-15
49.0125,65.92,73.65719665271968,-24.933333333334765,0.0,-4.493100646516671e-15
49.0875,62.18,73.65719665271968,0.0666666666666508,0.0,1.0504356935684392e-14
49.1625,62.19,73.65719665271968,79.19999999999696,0.0,1.1034599430125795e-14
49.2375,74.07,73.65719665271968,-65.93333333333699,0.0,-7.308831893384426e-15
49.3125,64.18,73.65719665271968,42.266666666665,0.0,-8.060163832259906e-15
49.3875,70.52,73.65719665271968,-10.80000000000055,0.0,6.307832134024576e-15
49.4625,68.9,73.65719665271968,-0.1333333333333965,0.0,-2.38899807594086e-14
49.5375,68.88,73.65719665271968,4.999999999999811,0.0,1.5504977508742346e-14
49.6125,69.63,73.65719665271968,15.066666666667556,0.0,3.0313502161138008e-15
49.6875,71.89,73.65719665271968,-43.73333333333169,0.0,-5.913020447421308e-14
49.7625,65.33,73.65719665271968,30.400000000001743,0.0,-2.5149128323227745e-14
49.8375,69.89,73.65719665271968,-47.13333333333155,0.0,2.6081245653412245e-14
49.9125,62.82,73.65719665271968,71.6666666666639,0.0,-1.6787440771543837e-14
49.9875,73.57,73.65719665271968,-11.800000000000644,0.0,-4.512914414747544e-15
50.0625,71.8,73.65719665271968,-32.06666666666547,0.0,2.6071316996886665e-14
50.1375,66.99,73.65719665271968,60.20000000000343,0.0,-8.248923690279147e-15
50.2125,76.02,73.65719665271968,-57.26666666666443,0.0,-3.4230037523605905e-15
50.2875,67.43,73.65719665271968,-30.13333333333226,0.0,-7.156225291750849e-15
50.3625,62.91,73.65719665271968,72.00000000000408,0.0,4.905912572560967e-15
50.4375,73.71,73.65719665271968,-10.733333333332922,0.0,1.7038669912511633e-15
50.5125,72.1,73.65719665271968,-20.40000000000108,0.0,1.2015693581268538e-14
50.5875,69.04,73.65719665271968,17.399999999999338,0.0,7.538490668566265e-15
50.6625,71.65,73.65719665271968,-10.333333333333018,0.0,2.4384311362024763e-15
50.7375,70.1,73.65719665271968,6.666666666667045,0.0,-2.9535506334996303e-14
50.8125,71.1,73.65719665271968,17.933333333332733,0.0,4.439642647379968e-15
50.8875,73.79,73.65719665271968,9.066666666667178,0.0,2.1532197009140168e-14
50.9625,75.15,73.65719665271968,-27.66666666666565,0.0,1.1277227753533235e-14
51.0375,71.0,73.65719665271968,28.59999999999896,0.0,-2.1889873197271184e-14
51.1125,75.29,73.65719665271968,-29.066666666668315,0.0,-1.1559388784177048e-14
51.1875,70.93,73.65719665271968,-3.666666666666604,0.0,-1.9727099946472187e-14
51.2625,70.38,73.65719665271968,50.46666666666958,0.0,8.067895476600351e-15
51.3375,77.95,73.65719665271968,-22.799999999999148,0.0,1.318272385806414e-14
51.4125,74.53,73.65719665271968,22.999999999999147,0.0,-1.1281813119364581e-14
51.4875,77.98,73.65719665271968,-4.000000000000284,0.0,0.5769892055413202
51.5625,77.38,73.65719665271968,-134.26666666666154,0.0,0.8766305191286103
51.675,57.24,73.65719665271968,171.66666666666828,2.814183200611806,1.0171746508236068
51.7875,108.74,74.50145161290321,-269.5999999999898,0.0,0.5649446425198204
51.8625,68.3,74.50145161290321,307.3333333333509,0.0,0.2696112085158341
51.9375,114.4,74.50145161290321,-196.93333333332592,0.0,0.14045834156351333
52.3875,84.86,74.50145161290321,-10.43030303030308,0.0,-4.203474490645267e-15
52.8375,67.65,74.50145161290321,82.26666666666348,0.0,-3.3715748917689973e-15
52.9125,79.99,74.50145161290321,-88.06666666666328,0.0,5.0908631616505545e-15
52.9875,66.78,74.50145161290321,30.33333333333504,0.0,-1.9279053435839182e-14
53.0625,71.33,74.50145161290321,-0.3333333333333017,0.0,-8.199110802636466e-15
53.1375,71.28,74.50145161290321,-27.66666666666828,0.0,-6.772408308328155e-15
53.2125,67.13,74.50145161290321,8.999999999999716,0.0,1.534261470082923e-14
53.2875,68.48,74.50145161290321,41.33333333333179,0.0,3.084363390384535e-14
53.3625,74.68,74.50145161290321,17.466666666667596,0.0,3.6235628345356594e-15
53.4375,77.3,74.50145161290321,-3.9999999999998095,0.0,1.6283147275852238e-14
53.5125,76.7,74.50145161290321,-28.400000000001647,0.0,3.914522912792207e-15
53.5875,72.44,74.50145161290321,-12.066666666666224,0.0,-1.9144293719232017e-14
53.6625,70.63,74.50145161290321,45.86666666666499,0.0,-7.606978233782656e-15
53.7375,77.51,74.50145161290321,-30.46666666666845,0.0,-2.7586786352167656e-14
53.8125,72.94,74.50145161290321,3.799999999999905,0.0,-1.7367430584422554e-14
53.8875,73.51,74.50145161290321,-6.73333333333375,0.0,-5.274783182153979e-15
53.9625,72.5,74.50145161290321,45.266666666665,0.0,-2.7744704943223565e-15
54.0375,79.29,74.50145161290321,-80.53333333333036,0.0,6.906014101779935e-16
54.675,67.21,74.50145161290321,0.9875000000000054,0.0,-6.090349811018251e-15
55.3125,69.58,74.50145161290321,20.79999999999924,0.0,-8.118267174426616e-15
55.3875,72.7,74.50145161290321,-14.333333333334188,0.0,4.869712403775812e-15
55.4625,70.55,74.50145161290321,5.333333333333112,0.0,1.0571120564533365e-14
55.5375,71.35,74.50145161290321,-29.933333333332165,0.0,9.96140262252314e-15
55.6125,66.86,74.50145161290321,38.666666666668846,0.0,-1.2072777423251173e-14
55.6875,72.66,74.50145161290321,7.266666666666414,0.0,2.411303581681658e-14
55.7625,73.75,74.50145161290321,12.666666666667425,0.0,1.791596957071512e-14
55.8375,75.65,74.50145161290321,-9.86666666666632,0.0,-7.214477948614833e-15
55.9125,74.17,74.50145161290321,-29.933333333332165,0.0,1.7771841603754917e-14
55.9875,69.68,74.50145161290321,79.86666666667114,0.0,-2.379196028113776e-14
56.0625,81.66,74.50145161290321,-43.79999999999829,0.0,8.143593560393566e-15
56.1375,75.09,74.50145161290321,33.13333333333521,0.0,1.3873452873800543e-14
56.2125,80.06,74.50145161290321,-51.39999999999811,0.0,-1.9110265832195868e-16
56.2875,72.35,74.50145161290321,37.73333333333198,0.0,2.5764483556291392e-15
56.3625,78.01,74.50145161290321,33.53333333333525,0.0,-7.048612766286687e-15
56.4375,83.04,74.50145161290321,-10.46666666666632,0.0,1.1309085065476183e-14
56.5125,81.47,74.50145161290321,70.53333333333732,0.0,4.551279685755437e-15
56.775,92.05,74.50145161290321,-51.822222222221896,0.0,1.1730835049458444e-14
57.0375,45.41,74.50145161290321,268.13333333332315,0.0,-2.642916150871808e-15
57.1125,85.63,74.50145161290321,-101.40000000000572,0.0,-1.0830398509962395e-14
57.1875,70.42,74.50145161290321,23.599999999999053,0.0,2.405530762394986e-14
57.2625,73.96,74.50145161290321,24.866666666668102,0.0,2.0506393258788102e-15
57.3375,77.69,74.50145161290321,-71.53333333333065,0.0,1.8385114070027943e-16
57.4125,66.96,74.50145161290321,-40.066666666665085,0.0,-8.16214413600332e-16
59.962500000000006,60.95,74.50145161290321,0.7303482587064682,0.0,-6.265170349243027e-16
62.5125,68.29,74.50145161290321,106.06666666667267,0.0,-2.297320331010151e-15
62.5875,84.2,74.50145161290321,-128.93333333332848,0.0,2.617678075779356e-16
62.6625,64.86,74.50145161290321,20.333333333332543,0.0,4.30961819842982e-15
62.7375,67.91,74.50145161290321,12.733333333334034,0.0,-2.9279849190411154e-14
62.8125,69.82,74.50145161290321,21.199999999999243,0.0,-6.156818605462563e-15
62.8875,73.0,74.50145161290321,41.20000000000239,0.0,-2.511036029010501e-14
62.9625,79.18,74.50145161290321,14.399999999999432,0.0,-2.2862450445841023e-14
63.0375,81.34,74.50145161290321,-55.99999999999792,0.0,-7.498141655799276e-15
63.1125,72.94,74.50145161290321,7.73333333333375,0.0,1.276464747328622e-15
63.1875,74.1,74.50145161290321,43.066666666665085,0.0,1.5721706167553965e-14
63.2625,80.56,74.50145161290321,-67.80000000000386,0.0,-1.273006104345202e-14
63.375,70.39,74.50145161290321,24.69999999999905,0.0,7.28869631064867e-15
63.4875,77.8,74.50145161290321,-96.73333333333882,0.0,0.8712805654853726
63.5625,63.29,74.50145161290321,18.466666666665983,0.0,1.5396842455221695
63.6375,66.06,74.50145161290321,337.4000000000192,10.473904670198074,2.085193835943096
63.7125,116.67,76.07253731343283,-270.93333333332305,0.0,2.244408143613487
63.7875,76.03,76.07253731343283,-141.2666666666613,0.0,1.8703401196780525
63.8625,54.84,76.07253731343283,37.53333333333544,0.0,1.1222040718069153
63.9375,60.47,76.07253731343283,152.59999999999422,0.0,-2.7134189616486833e-14
64.0125,83.36,76.07253731343283,3.0000000000001896,0.0,7.719568505340444e-15
64.0875,83.81,76.07253731343283,-15.399999999999432,0.0,5.9505212185506985e-15
64.1625,81.5,76.07253731343283,-62.13333333333093,0.0,1.506819460627762e-14
64.23750000000001,72.18,76.07253731343283,63.13333333333093,0.0,1.0953493639438134e-14
64.3125,81.65,76.07253731343283,-47.06666666667382,0.0,-1.862427900813417e-14
64.38749999999999,74.59,76.07253731343283,67.39999999999745,0.0,7.007251805090244e-15
64.4625,84.7,76.07253731343283,22.999999999999147,0.0,-5.5826147919117446e-15
64.5375,88.15,76.07253731343283,6.199999999999716,0.0,9.9870934680248e-15
64.61250000000001,89.08,76.07253731343283,-85.53333333333008,0.0,-1.8787193269285794e-14
64.6875,76.25,76.07253731343283,19.00000000000284,0.0,1.320221402748823e-14
64.76249999999999,79.1,76.07253731343283,-47.1333333333315,0.0,1.758256656178119e-14
64.8375,72.03,76.07253731343283,35.199999999998674,0.0,-4.97044195693561e-15
64.9125,77.31,76.07253731343283,-56.59999999999791,0.0,1.2742727770891552e-14
64.98750000000001,68.82,76.07253731343283,49.7333333333315,0.0,-9.339392673619412e-15
65.0625,76.28,76.07253731343283,27.400000000004148,0.0,9.24607264035476e-15
65.13749999999999,80.39,76.07253731343283,20.59999999999924,0.0,2.5974637514791234e-14
65.2125,83.48,76.07253731343283,23.86666666666575,0.0,9.883719847356617e-15
65.2875,87.06,76.07253731343283,-54.79999999999792,0.0,8.062432098687894e-15
65.36250000000001,78.84,76.07253731343283,0.2666666666666035,0.0,7.067077146578205e-15
65.4375,78.88,76.07253731343283,-1.5333333333334975,0.0,-8.864762300299327e-15
65.51249999999999,78.65,76.07253731343283,-21.06666666666594,0.0,-1.3937818017096014e-15
65.5875,75.49,76.07253731343283,83.26666666666357,0.0,1.5805428536636515e-14
65.6625,87.98,76.07253731343283,-155.13333333332753,0.0,7.280188748195152e-15
65.73750000000001,64.71,76.07253731343283,126.73333333332856,0.0,-2.957777054915406e-14
65.8125,83.72,76.07253731343283,-76.53333333334496,0.0,3.346150879548143e-14
65.88749999999999,72.24,76.07253731343283,61.33333333333103,0.0,6.521642853880529e-15
65.9625,81.44,76.07253731343283,-27.59999999999896,0.0,-3.98996447929221e-15
66.0375,77.3,76.07253731343283,-39.19999999999848,0.0,-1.0980274665791173e-14
66.11250000000001,71.42,76.07253731343283,-44.86666666666499,0.0,-1.5842404323085252e-14
66.1875,64.69,76.07253731343283,5.000000000000758,0.0,2.7834806513134672e-14
66.26249999999999,65.44,76.07253731343283,-59.46666666666438,0.0,-2.237233591481795e-14
66.3375,56.52,76.07253731343283,146.26666666666105,0.0,1.4007385196206444e-14
66.4125,78.46,76.07253731343283,-39.59999999999848,0.0,-6.898732000628186e-14
66.48750000000001,72.52,76.07253731343283,3.599999999999905,0.0,-2.1569562298500176e-14
66.5625,73.06,76.07253731343283,53.53333333334145,0.0,5.648569693961579e-15
66.63749999999999,81.09,76.07253731343283,-81.73333333333026,0.0,-2.5792970532179384e-15
66.7125,68.83,76.07253731343283,48.46666666666481,0.0,1.1915837754181164e-14
66.7875,76.1,76.07253731343283,12.866666666666225,0.0,2.0588033310133768e-14
66.86250000000001,78.03,76.07253731343283,24.99999999999905,0.0,1.7592663281821553e-14
66.9375,81.78,76.07253731343283,-66.8666666666768,0.0,5.616925205170247e-15
67.01249999999999,71.75,76.07253731343283,84.33333333333017,0.0,2.524787463008233e-14
67.0875,84.4,76.07253731343283,1.2666666666666035,0.0,-1.4010916159410838e-14
67.1625,84.59,76.07253731343283,-101.73333333332953,0.0,1.703424330779261e-14
67.23750000000001,69.33,76.07253731343283,86.33333333333007,0.0,5.192444916731189e-15
67.3125,82.28,76.07253731343283,-49.20000000000743,0.0,7.0219390039180544e-15
67.38749999999999,74.9,76.07253731343283,-28.99999999999896,0.0,1.155736318320975e-14
67.4625,70.55,76.07253731343283,43.53333333333169,0.0,5.3821323210541195e-14
67.5375,77.08,76.07253731343283,-63.26666666666424,0.0,-4.851264600048881e-15
67.61250000000001,67.59,76.07253731343283,11.999999999999526,0.0,2.6374315673327847e-14
67.6875,69.39,76.07253731343283,50.93333333334106,0.0,1.54737740322209e-14
67.76249999999999,77.03,76.07253731343283,-6.19999999999981,0.0,-1.9023566322344815e-15
67.8375,76.1,76.07253731343283,-67.59999999999744,0.0,1.7418989765828936e-14
67.9125,65.96,76.07253731343283,-7.199999999999716,0.0,-2.3015127812414395e-14
67.98750000000001,64.88,76.07253731343283,79.26666666666367,0.0,2.1014675454281488e-14
68.0625,76.77,76.07253731343283,-15.933333333335751,0.0,-7.891548458514021e-16
68.13749999999999,74.38,76.07253731343283,44.666666666665,0.0,5.439174884329486e-15
68.2125,81.08,76.07253731343283,-23.53333333333245,0.0,3.228419927463158e-15
68.2875,77.55,76.07253731343283,-22.13333333333245,0.0,-2.3517984863434016e-14
68.36250000000001,74.23,76.07253731343283,-44.599999999998296,0.0,1.3985313300679036e-14
68.4375,67.54,76.07253731343283,68.40000000001031,0.0,-1.5539648464684215e-14
68.51249999999999,77.8,76.07253731343283,-44.5333333333316,0.0,0.4043988133864927
68.5875,71.12,76.07253731343283,-36.66666666666528,0.0,0.6739980223107751
68.6625,65.62,76.07253731343283,124.19999999999526,3.774388924940457,0.8087976267730259
68.73750000000001,84.25,76.63869565217392,-89.59999999999658,0.0,0.8087976267729193
68.8125,70.81,76.63869565217392,79.60000000001205,0.0,0.6739980223108356
68.88749999999999,82.75,76.63869565217392,-45.5333333333316,0.0,0.4043988133864898
68.9625,75.92,76.63869565217392,-30.333333333332163,0.0,1.1838610798442513e-14
69.0375,71.37,76.63869565217392,46.1333333333316,0.0,-7.935700519445257e-15
69.11250000000001,78.29,76.63869565217392,19.133333333332544,0.0,1.5621028007146403e-14
69.1875,81.16,76.63869565217392,-10.26666666666817,0.0,-1.1411949872109152e-14
69.26249999999999,79.62,76.63869565217392,-63.59999999999763,0.0,-1.1399592648157161e-14
69.3375,70.08,76.63869565217392,41.99999999999839,0.0,1.8591448419248186e-15
69.4125,76.38,76.63869565217392,23.999999999999147,0.0,1.733326980777689e-14
69.48750000000001,79.98,76.63869565217392,-19.86666666666594,0.0,2.5508059445159036e-14
69.5625,77.0,76.63869565217392,-15.400000000002349,0.0,3.8606905488213835e-14
69.63749999999999,74.69,76.63869565217392,-13.26666666666613,0.0,-3.393748671749723e-14
69.7125,72.7,76.63869565217392,18.46666666666594,0.0,2.5425731501670357e-14
69.7875,75.47,76.63869565217392,16.19999999999943,0.0,-2.7707352897263215e-15
69.86250000000001,77.9,76.63869565217392,43.333333333331694,0.0,-1.2685570405515499e-14
69.9375,84.4,76.63869565217392,-46.33333333334038,0.0,-5.1302264939606086e-14
70.01249999999999,77.45,76.63869565217392,25.333333333332355,0.0,8.055340375443832e-15
70.0875,81.25,76.63869565217392,-33.66666666666537,0.0,-2.1611192114191985e-14
70.1625,76.2,76.63869565217392,-26.266666666665657,0.0,-5.358745992653272e-16
70.23750000000001,72.26,76.63869565217392,-26.26666666666575,0.0,0.05212215320908779
70.3125,68.32,76.63869565217392,40.80000000000621,0.0,0.08687025534847455
70.38749999999999,74.44,76.63869565217392,26.399999999999054,0.4864734299515594,0.10424430641823176
70.4625,78.4,76.71166666666666,-2.6666666666666035,0.0,0.10424430641819477
70.5375,78.0,76.71166666666666,-27.86666666666565,0.0,0.086870255348472
70.61250000000001,73.82,76.71166666666666,48.7999999999982,0.0,0.05212215320909727
70.6875,81.14,76.71166666666666,-21.533333333336625,0.0,0.2551587301587297
70.76249999999999,77.91,76.71166666666666,-46.0666666666649,0.0,0.4252645502645229
70.8375,71.0,76.71166666666666,52.66666666666471,2.381481481481562,0.5103174603175229
70.9125,78.9,77.0688888888889,-23.999999999999147,0.0,0.5103174603174989
70.98750000000001,75.3,77.0688888888889,20.86666666666594,0.0,0.42526455026455573
71.0625,78.43,77.0688888888889,11.600000000001724,0.0,0.25515873015874985
71.13749999999999,80.17,77.0688888888889,-39.86666666666518,0.0,1.3288754651561935e-14
71.2125,74.19,77.0688888888889,12.466666666666224,0.0,2.262743042868894e-16
71.2875,76.06,77.0688888888889,26.59999999999896,0.0,3.051489336619771e-14
71.36250000000001,80.05,77.0688888888889,-35.33333333333198,0.0,0.6793650793651428
71.4375,74.75,77.0688888888889,6.800000000001004,0.0,1.4608465608466605
71.51249999999999,75.77,77.0688888888889,14.999999999999432,6.340740740740355,1.9063492063492367
71.5875,78.02,78.02,64.26666666666424,3.066666666666604,2.0158730158729616
71.6625,87.66,78.48,-79.73333333333026,0.0,1.7894179894179443
71.73750000000001,75.7,78.48,-16.933333333332733,0.0,2.191269841270002
71.8125,73.16,78.48,28.26666666667101,0.0,1.9357142857143317
71.88749999999999,77.4,78.48,42.39999999999839,8.999999999999716,1.9285714285714874
71.9625,83.76,79.83000000000001,-31.06666666666556,0.0,1.9285714285717224
72.0375,79.1,79.83000000000001,17.133333333332732,0.0,1.6071428571429272
72.11250000000001,81.67,79.83000000000001,-5.066666666666508,0.0,0.9642857142856497
72.1875,80.91,79.83000000000001,-26.0666666666706,0.0,-2.1652160079690524e-14
72.26249999999999,77.0,79.83000000000001,30.133333333332164,0.0,1.6055025976420215e-14
72.3375,81.52,79.83000000000001,2.2666666666666035,0.0,2.2052772624528324e-14
72.4125,81.86,79.83000000000001,-15.133333333332732,0.0,7.269135792662795e-15
72.48750000000001,79.59,79.83000000000001,44.3333333333316,0.0,-3.2529070077209166e-14
72.5625,86.24,79.83000000000001,-31.733333333338084,0.0,2.1540263090983934e-14
72.63749999999999,81.48,79.83000000000001,35.73333333333198,0.0,-8.725521084707281e-15
72.7125,86.84,79.83000000000001,-39.06666666666519,0.0,2.7109858001437637e-14
72.7875,80.98,79.83000000000001,13.599999999999431,0.0,-2.132609290795632e-14
72.86250000000001,83.02,79.83000000000001,-76.19999999999706,0.0,1.894520522505007e-14
72.9375,71.59,79.83000000000001,27.86666666667084,0.0,2.2239567166350467e-14
73.01249999999999,75.77,79.83000000000001,-14.46666666666613,0.0,-1.169688359727266e-14
73.0875,73.6,79.83000000000001,58.86666666666452,0.0,-1.9107352069740227e-15
73.1625,82.43,79.83000000000001,-51.33333333333141,0.0,-3.744138502102634e-15
73.23750000000001,74.73,79.83000000000001,52.93333333333131,0.0,-1.459452060236175e-14
73.3125,82.67,79.83000000000001,-10.133333333334845,0.0,1.2381662036820459e-14
73.38749999999999,81.15,79.83000000000001,15.466666666666034,0.0,0.1732142857142737
73.4625,83.47,79.83000000000001,-110.59999999999584,0.0,0.2886904761904723
73.5375,66.88,79.83000000000001,105.99999999999602,1.616666666666556,0.34642857142858346
73.61250000000001,82.78,80.0725,-22.866666666665846,0.0,0.3464285714285494
73.6875,79.35,80.0725,23.46666666667029,0.0,0.5962797619047032
73.76249999999999,82.87,80.0725,-50.533333333331406,0.0,0.6858630952380528
73.8375,75.29,80.0725,46.1333333333315,2.870833333333077,0.6151785714286356
73.9125,82.21,80.50312499999998,-0.3999999999999052,0.0,0.6151785714285523
73.98750000000001,82.15,80.50312499999998,-10.19999999999962,0.0,0.5126488095237712
74.0625,80.62,80.50312499999998,35.06666666667192,0.0,0.307589285714306
74.13749999999999,85.88,80.50312499999998,45.333333333331694,0.0,-2.5139800576328154e-14
74.2125,92.68,80.50312499999998,-84.53333333333018,0.0,9.264099268470069e-15
74.2875,80.0,80.50312499999998,9.19999999999962,0.0,1.887100623807832e-14
74.36250000000001,81.38,80.50312499999998,-22.06666666666585,0.0,-7.945276200656813e-16
74.4375,78.07,80.50312499999998,15.600000000002389,0.0,-7.5043288670848e-15
74.51249999999999,80.41,80.50312499999998,2.933333333333207,0.0,-1.7804841744986992e-14
74.5875,80.85,80.50312499999998,54.99999999999792,0.0,-1.79309623010638e-14
74.6625,89.1,80.50312499999998,-104.59999999999602,0.0,-2.647375795796323e-14
74.73750000000001,73.41,80.50312499999998,8.933333333333017,0.0,-3.593368386342107e-14
74.8125,74.75,80.50312499999998,32.20000000000487,0.0,1.6369333080880966e-14
74.88749999999999,79.58,80.50312499999998,26.733333333332357,0.0,2.266459997534836e-14
74.9625,83.59,80.50312499999998,-30.599999999998865,0.0,-6.66360425293247e-15
75.0375,79.0,80.50312499999998,21.799999999999148,0.0,1.1094906675740467e-14
75.11250000000001,82.27,80.50312499999998,-26.266666666665657,0.0,3.718445667073886e-15
75.1875,78.33,80.50312499999998,84.46666666667949,0.0,4.300521881698973e-14
75.26249999999999,91.0,80.50312499999998,-87.13333333332999,0.0,4.99562369322948e-15
75.3375,77.93,80.50312499999998,79.13333333333027,0.0,4.4274199159454126e-14
75.4125,89.8,80.50312499999998,-127.73333333332847,0.0,-3.6181843790406877e-14
75.48750000000001,70.64,80.50312499999998,72.79999999999725,0.0,4.980733666586889e-14
75.5625,81.56,80.50312499999998,-31.400000000004813,0.0,1.1373234353904107e-15
75.63749999999999,76.85,80.50312499999998,11.999999999999622,0.0,-1.6971923301053682e-14
75.7125,78.65,80.50312499999998,-7.066666666666414,0.0,2.873146451755751e-14
75.7875,77.59,80.50312499999998,19.06666666666594,0.0,4.2523009940923295e-15
75.86250000000001,80.45,80.50312499999998,-12.799999999999526,0.0,-1.0620242637575625e-15
75.9375,78.53,80.50312499999998,-19.93333333333632,0.0,-2.100731202898358e-14
76.01249999999999,75.54,80.50312499999998,14.399999999999432,0.0,1.4344365917925786e-14
76.0875,77.7,80.50312499999998,-17.266666666666033,0.0,1.1001488095238812
76.1625,75.11,80.50312499999998,35.73333333333198,0.0,1.8335813492066309
76.23750000000001,80.47,80.50312499999998,67.79999999999744,10.268055555555302,2.2002976190476646
76.3125,90.64,82.04333333333334,43.26666666667319,0.0,2.2002976190477828
76.38749999999999,97.13,82.04333333333334,-181.79999999999308,0.0,1.833581349206303
76.4625,69.86,82.04333333333334,25.19999999999905,0.0,1.1001488095237435
76.5375,73.64,82.04333333333334,92.7333333333298,0.0,-6.666834562684255e-15
76.61250000000001,87.55,82.04333333333334,-5.333333333333112,0.0,-2.0962443304116243e-14
76.6875,86.75,82.04333333333334,-36.73333333333893,0.0,-9.735551732309806e-15
76.76249999999999,81.24,82.04333333333334,-36.19999999999858,0.0,2.1761139295351044e-14
76.8375,75.81,82.04333333333334,78.13333333333037,0.0,3.6349669743743975e-15
76.9125,87.53,82.04333333333334,41.86666666666509,0.0,7.472349954271014e-15
76.98750000000001,93.81,82.04333333333334,-79.53333333333036,0.0,2.141847341060778e-14
77.0625,81.88,82.04333333333334,-10.066666666668132,0.0,1.0454867228026066e-15
77.13749999999999,80.37,82.04333333333334,-18.86666666666594,0.0,2.7643644908059425e-14
77.2125,77.54,82.04333333333334,32.93333333333207,0.0,-1.2869286636365272e-14
77.2875,82.48,82.04333333333334,41.53333333333169,0.0,1.2578813464758396e-14
77.36250000000001,88.71,82.04333333333334,-104.66666666666262,0.0,-1.6662919995066448e-15
77.4375,73.01,82.04333333333334,31.600000000004755,0.0,-1.0681684882039055e-14
77.51249999999999,77.75,82.04333333333334,46.8666666666649,0.0,2.6470490252121706e-14
77.5875,84.78,82.04333333333334,-32.39999999999877,0.0,3.81443490868153e-14
77.6625,79.92,82.04333333333334,36.19999999999858,0.0,2.641936443578094e-14
77.73750000000001,85.35,82.04333333333334,-48.2666666666648,0.0,6.909391496165865e-16
77.8125,78.11,82.04333333333334,25.466666666670577,0.0,4.038098141885716e-14
77.88749999999999,81.93,82.04333333333334,21.799999999999148,0.0,-1.1792305456334302e-14
77.9625,85.2,82.04333333333334,-17.19999999999934,0.0,-2.755780418515782e-15
78.0375,82.62,82.04333333333334,-9.933333333333016,0.0,-1.8239498922079174e-14
78.11250000000001,81.13,82.04333333333334,-72.93333333333055,0.0,0.35198412698413717
78.1875,70.19,82.04333333333334,67.00000000001013,0.0,0.5866402116402424
78.26249999999999,80.24,82.04333333333334,36.73333333333198,3.2851851851850413,0.703968253968183
78.3375,85.75,82.53611111111111,-27.53333333333226,0.0,0.7039682539683104
78.4125,81.62,82.53611111111111,7.466666666666319,0.0,0.586640211640228
78.48750000000001,82.74,82.53611111111111,26.06666666666575,0.0,0.3519841269840898
78.5625,86.65,82.53611111111111,-33.20000000000506,0.0,3.41841745313215e-15
78.63749999999999,81.67,82.53611111111111,50.199999999998106,0.0,-2.8892229673165385e-14
78.7125,89.2,82.53611111111111,-121.66666666666204,0.0,-5.322568841288723e-15
78.7875,70.95,82.53611111111111,173.26666666666006,0.0,3.5927226126867614e-14
78.86250000000001,96.94,82.53611111111111,-110.26666666666245,0.0,3.214710376740097e-14
78.9375,80.4,82.53611111111111,3.466666666667165,0.0,-2.2182200553934478e-14
79.01249999999999,80.92,82.53611111111111,-47.7333333333315,0.0,3.738843466461409e-15
79.0875,73.76,82.53611111111111,105.93333333332932,0.0,-4.923801739549684e-14
79.1625,89.65,82.53611111111111,-42.19999999999848,0.0,-7.938469133947343e-15
79.23750000000001,83.32,82.53611111111111,-30.39999999999877,0.0,4.4942079630488774e-14
79.3125,78.76,82.53611111111111,-13.80000000000214,0.0,-3.5960298194997696e-14
79.38749999999999,76.69,82.53611111111111,55.86666666666452,0.0,3.0446038501598476e-15
79.4625,85.07,82.53611111111111,54.33333333333131,0.0,0.3709096459096397
79.5375,93.22,82.53611111111111,-165.86666666666036,0.0,0.6181827431826838
79.61250000000001,68.34,82.53611111111111,99.26666666666291,3.4618233618232934,0.7418192918192779
79.6875,83.23,83.05538461538463,33.9333333333384,0.0,0.7418192918192861
79.76249999999999,88.32,83.05538461538463,-57.93333333333112,0.0,0.6181827431827026
79.8375,79.63,83.05538461538463,64.66666666666424,0.0,0.3709096459096331
79.9125,89.33,83.05538461538463,-33.93333333333207,0.0,7.259044393953314e-15
79.98750000000001,84.24,83.05538461538463,20.933333333332545,0.0,-1.477307740797507e-14
80.0625,87.38,83.05538461538463,-16.200000000002408,0.0,1.6302249806765488e-14
80.13749999999999,84.95,83.05538461538463,-52.533333333331406,0.0,-3.981264888150841e-14
80.2125,77.07,83.05538461538463,74.79999999999725,0.0,-8.370249060100404e-15
80.2875,88.29,83.05538461538463,60.26666666666433,0.0,1.090460882233108e-14
80.36250000000001,97.33,83.05538461538463,-181.53333333332648,0.0,3.4153709825757116e-14
80.4375,70.1,83.05538461538463,60.33333333334255,0.0,-1.2687190503475213e-14
80.51249999999999,79.15,83.05538461538463,42.333333333331694,0.0,-1.067399748704722e-15
80.5875,85.5,83.05538461538463,49.39999999999811,0.0,-1.479638824647584e-14
80.6625,92.91,83.05538461538463,-76.53333333333036,0.0,1.5914633855885387e-14
80.73750000000001,81.43,83.05538461538463,34.866666666665274,0.0,1.3770999985468304e-14
80.8125,86.66,83.05538461538463,34.60000000000523,0.0,2.7516439038187573e-14
80.88749999999999,91.85,83.05538461538463,-78.79999999999697,0.0,-5.146248132178499e-14
80.9625,80.03,83.05538461538463,83.46666666666347,0.0,-1.3268337798508402e-15
81.0375,92.55,83.05538461538463,-96.9999999999963,0.0,2.565047228367223e-14
81.11250000000001,78.0,83.05538461538463,87.99999999999669,0.0,-5.29752038625058e-15
81.1875,91.2,83.05538461538463,29.933333333337835,0.0,-3.671759717414513e-14
81.26249999999999,95.69,83.05538461538463,-143.0666666666612,0.0,-4.031903188343868e-15
81.3375,74.23,83.05538461538463,106.73333333332924,0.0,6.471511047507577e-15
81.4125,90.24,83.05538461538463,-73.39999999999716,0.0,2.375099738745702e-15
81.48750000000001,79.23,83.05538461538463,18.199999999999243,0.0,-1.3578339713114673e-14
81.5625,81.96,83.05538461538463,-20.8666666666698,0.0,-1.6002439339589446e-14
81.63749999999999,78.83,83.05538461538463,10.26666666666632,0.0,-3.000168122458224e-14
81.7125,80.37,83.05538461538463,-0.3333333333333965,0.0,1.3343752794141615e-14
81.7875,80.32,83.05538461538463,-23.399999999999054,0.0,-1.668081371534634e-14
81.86250000000001,76.81,83.05538461538463,44.599999999998296,0.0,-3.379034889319137e-14
81.9375,83.5,83.05538461538463,-60.80000000000925,0.0,-2.0124547227255957e-14
82.01249999999999,74.38,83.05538461538463,105.39999999999604,0.0,-1.8403343069839945e-14
82.0875,90.19,83.05538461538463,-36.06666666666528,0.0,-2.4864344918290474e-15
82.1625,84.78,83.05538461538463,11.533333333332925,0.0,-3.772008159907777e-14
82.23750000000001,86.51,83.05538461538463,-117.93333333332896,0.0,-1.5936405946177506e-14
82.3125,68.82,83.05538461538463,24.733333333337136,0.0,-2.022862483142897e-15
82.38749999999999,72.53,83.05538461538463,-24.26666666666575,0.0,0.7515109890110167
82.4625,68.89,83.05538461538463,92.2666666666632,0.0,1.2525183150184243
82.5375,82.73,83.05538461538463,56.06666666666452,7.01410256410215,1.5030219780221317
82.61250000000001,91.14,84.10749999999999,-58.066666666664425,0.0,1.5030219780218912
82.6875,82.43,84.10749999999999,-4.466666666667355,0.0,2.463351648351651
82.76249999999999,81.76,84.10749999999999,-4.399999999999905,0.0,2.7695665445668856
82.8375,81.1,84.10749999999999,46.666666666664895,11.301111111110863,2.4216666666667375
82.9125,88.1,85.80266666666668,36.06666666666537,0.0,2.42166666666668
82.98750000000001,93.51,85.80266666666668,-60.46666666666442,0.0,2.0180555555556454
83.0625,84.44,85.80266666666668,41.46666666667294,0.0,1.2108333333334098
83.13749999999999,90.66,85.80266666666668,-54.133333333331215,0.0,4.1993963689103845e-15
83.2125,82.54,85.80266666666668,46.666666666664895,0.0,-1.3038669386694624e-14
83.2875,89.54,85.80266666666668,-21.59999999999924,0.0,-2.6440794789644507e-15
83.36250000000001,86.3,85.80266666666668,11.666666666666224,0.0,-1.9393948657743472e-14
83.4375,88.05,85.80266666666668,-39.6666666666727,0.0,2.0792739708507213e-14
83.51249999999999,82.1,85.80266666666668,-1.4666666666666035,0.0,-5.338227601875619e-15
83.5875,81.88,85.80266666666668,39.19999999999858,0.0,7.004153283450712e-15
83.6625,87.76,85.80266666666668,-29.999999999998863,0.0,-2.696428655361733e-15
83.73750000000001,83.26,85.80266666666668,-5.39999999999981,0.0,4.2975931085389025e-15
83.8125,82.45,85.80266666666668,-4.80000000000072,0.0,0.2141666666666139
83.88749999999999,81.73,85.80266666666668,19.933333333332545,0.0,0.3569444444444204
83.9625,84.72,85.80266666666668,14.599999999999431,1.998888888888663,0.42833333333335116
84.0375,86.91,86.10249999999999,22.133333333332544,0.0,0.42833333333324913
84.11250000000001,90.23,86.10249999999999,23.599999999999053,0.0,1.1123015873015327
84.1875,93.77,86.10249999999999,-135.1333333333538,0.0,2.9310544217685304
84.26249999999999,73.5,86.10249999999999,91.0666666666632,7.049999999999764,3.940646258502751
84.3375,87.16,87.16,74.13333333333055,13.607619047618638,4.426632653060877
84.4125,98.28,89.20114285714287,-18.86666666666594,0.0,4.174846938775322
84.48750000000001,95.45,89.20114285714287,-106.39999999999604,0.0,3.185289115646336
84.5625,79.49,89.20114285714287,81.4000000000124,0.0,1.4579591836734795
84.63749999999999,91.7,89.20114285714287,-7.933333333333017,0.0,-3.008056659130538e-14
84.7125,90.51,89.20114285714287,29.866666666665463,0.0,-1.8958072871757728e-14
84.7875,94.99,89.20114285714287,-40.59999999999839,0.0,1.9764838214421522e-14
84.86250000000001,88.9,89.20114285714287,-27.66666666666565,0.0,-3.797571240215791e-16
84.9375,84.75,89.20114285714287,37.40000000000567,0.0,1.9350511733139883e-14
85.01249999999999,90.36,89.20114285714287,36.59999999999858,0.0,8.85800108590349e-14
85.0875,95.85,89.20114285714287,-24.466666666665656,0.0,-1.2435720920672088e-14
85.1625,92.18,89.20114285714287,-72.46666666666395,0.0,-1.4506075712136208e-14
85.23750000000001,81.31,89.20114285714287,19.66666666666594,0.0,-2.0227622311672407e-14
85.3125,84.26,89.20114285714287,35.00000000000531,0.0,-4.470089186139528e-15
85.38749999999999,89.51,89.20114285714287,-23.799999999999148,0.0,-1.7109807170855495e-14
85.4625,85.94,89.20114285714287,85.13333333333009,0.0,-2.1368490035925794e-14
85.5375,98.71,89.20114285714287,-58.59999999999773,0.0,-2.9575688659386426e-14
85.61250000000001,89.92,89.20114285714287,11.133333333332924,0.0,4.5736282523928846e-14
85.6875,91.59,89.20114285714287,39.40000000000595,0.0,4.4505264926696494e-14
85.76249999999999,97.5,89.20114285714287,-39.46666666666518,0.0,-2.9936496942975974e-14
85.8375,91.58,89.20114285714287,-55.66666666666452,0.0,5.8819497441840655e-15
85.9125,83.23,89.20114285714287,29.53333333333217,0.0,-5.576722250935617e-14
85.98750000000001,87.66,89.20114285714287,116.73333333332894,0.0,-3.891555627899924e-14
86.0625,105.17,89.20114285714287,-128.13333333335274,0.0,-4.268867390303287e-14
86.13749999999999,85.95,89.20114285714287,-15.799999999999432,0.0,1.2845336285629608e-14
86.2125,83.58,89.20114285714287,34.99999999999867,0.0,5.420252715940098e-14
86.2875,88.83,89.20114285714287,-46.1333333333316,0.0,1.2200530310345291e-14
86.36250000000001,81.91,89.20114285714287,119.13333333332884,0.0,1.8222708962355796e-14
86.4375,99.78,89.20114285714287,-114.93333333335072,0.0,-6.027164874940329e-15
86.51249999999999,82.54,89.20114285714287,70.53333333333065,0.0,3.581678486492307e-14
86.5875,93.12,89.20114285714287,-97.5999999999963,0.0,-1.364025590406358e-15
86.7,78.48,89.20114285714287,76.89999999999706,0.0,-1.9875307261975597e-14
86.8125,101.55,89.20114285714287,-25.800000000003845,0.0,1.8671190567183687e-14
87.0,97.68,89.20114285714287,-19.233333333332617,0.0,1.587964713911173
87.1875,86.14,89.20114285714287,-216.6666666666995,0.0,2.5691273888561317
87.3375,53.64,89.20114285714287,156.5333333333274,10.183425229740608,3.2084764422468273
87.48750000000001,124.08,93.78368421052632,-213.5999999999919,0.0,3.518879922318775
87.5625,92.04,93.78368421052632,197.73333333336328,0.0,0.25063265658421213
87.7125,121.7,93.78368421052632,-88.84444444444108,0.0,0.07414685826473912
87.86250000000001,81.72,93.78368421052632,16.466666666666036,0.0,1.3627128718889812e-15
91.8,84.19,93.78368421052632,1.3589743589743597,0.0,1.1689881001161763e-16
95.7375,105.39,93.78368421052632,-84.99999999999677,0.0,1.268988269526362e-15
95.925,92.64,93.78368421052632,17.366666666666834,0.0,2.163525575411288e-15
96.1125,103.06,93.78368421052632,-32.79999999999877,0.0,-1.1241841428289738e-15
96.1875,98.14,93.78368421052632,-114.13333333335066,0.0,-5.413219949777966e-15
96.4125,81.02,93.78368421052632,18.146666666666665,0.0,-1.3873407741676024e-14
96.6375,94.63,93.78368421052632,-172.39999999999347,0.0,-8.456225440763593e-15
96.7125,68.77,93.78368421052632,243.9333333333241,0.0,9.942314328128014e-15
96.825,105.36,93.78368421052632,-38.96666666666518,0.0,-1.16376952809811e-15
96.9375,93.67,93.78368421052632,-54.800000000008296,0.0,3.3169725498065463e-15
97.2,85.45,93.78368421052632,15.366666666666568,0.0,4.90824538117376e-15
97.725,99.28,93.78368421052632,-24.049999999999656,0.0,3.7402360011981016e-15
98.0625,70.42,93.78368421052632,128.8666666666862,0.0,0.03801822138592127
98.2875,89.75,93.78368421052632,1.1066666666666645,0.0,0.07707934751011607
98.5125,90.58,93.78368421052632,54.33333333333131,1.8269537480063287,0.15034781467384722
98.5875,98.73,94.05772727272728,11.866666666666225,0.0,0.2301124949779607
98.6625,100.51,94.05772727272728,1.2666666666666035,0.0,0.2704372324351842
98.7375,100.7,94.05772727272728,84.86666666666348,0.0,0.19574504442931112
98.8125,113.43,94.05772727272728,-92.8666666666808,0.0,2.119939167262034e-15
98.8875,99.5,94.05772727272728,20.333333333332543,0.0,2.7809888221204135e-14
98.9625,102.55,94.05772727272728,23.266666666665845,0.0,9.878054332859064e-15
99.0375,106.04,94.05772727272728,67.39999999999745,0.0,2.6086516495396998e-14
99.1125,116.15,94.05772727272728,-247.6666666666573,0.0,2.8071913110813844e-14
99.1875,79.0,94.05772727272728,85.13333333334621,0.0,-1.364628004542949e-14
99.2625,91.77,94.05772727272728,-11.133333333332924,0.0,-1.0281087977219838e-15
99.3375,90.1,94.05772727272728,4.133333333333207,0.0,3.287464241310993e-14
99.4125,90.72,94.05772727272728,-64.99999999999754,0.0,-1.2750925038769787e-14
99.4875,80.97,94.05772727272728,84.79999999999679,0.0,-1.4412624962944413e-14
99.5625,93.69,94.05772727272728,-47.66666666667384,0.0,4.9068802119274504e-15
99.6375,86.54,94.05772727272728,-32.39999999999877,0.0,2.4023253056768658e-14
99.825,81.68,94.05772727272728,42.9000000000004,0.0,2.7333435174843392e-14
100.0125,107.42,94.05772727272728,-157.1333333333274,0.0,3.601135830448863e-15
100.0875,83.85,94.05772727272728,109.46666666666252,0.0,-6.067055787785575e-15
100.1625,100.27,94.05772727272728,-65.73333333333083,0.0,2.4671347348494515e-14
100.2375,90.41,94.05772727272728,-127.06666666666186,0.0,2.077813852814408
100.3125,71.35,94.05772727272728,83.60000000001271,0.0,3.4630230880233075
100.3875,83.89,94.05772727272728,268.13333333332315,19.39292929292835,4.155627705627569
100.4625,124.11,96.96666666666664,-218.33333333332507,0.0,4.155627705627565
100.5375,91.36,96.96666666666664,176.46666666665996,0.0,3.4630230880226853
100.6125,117.83,96.96666666666664,-177.39999999999327,0.0,2.077813852813784
100.6875,91.22,96.96666666666664,53.40000000000813,0.0,-2.133806978260712e-15
100.7625,99.23,96.96666666666664,36.799999999998576,0.0,1.449908741102267e-14
100.8375,104.75,96.96666666666664,94.4666666666631,0.0,-3.877751801809498e-14
100.9125,118.92,96.96666666666664,-160.1999999999939,0.0,1.820337182843437e-14
100.9875,94.89,96.96666666666664,-135.06666666666158,0.0,-3.031642138301e-14
101.0625,74.63,96.96666666666664,103.4666666666824,0.0,3.560864652221723e-14
101.1375,90.15,96.96666666666664,16.266666666666033,0.0,1.3808033613281133e-15
101.2125,92.59,96.96666666666664,-33.73333333333207,0.0,3.438836724680399e-14
101.2875,87.53,96.96666666666664,147.59999999999442,0.0,-1.7711743660844652e-14
101.3625,109.67,96.96666666666664,-236.5333333333244,0.0,4.800888151911861e-14
101.4375,74.19,96.96666666666664,108.80000000001654,0.0,-6.756516502271993e-14
101.5125,90.51,96.96666666666664,23.26666666666575,0.0,-2.5389520055358843e-15
101.5875,94.0,96.96666666666664,13.999999999999432,0.0,5.7493472584852325
101.6625,96.1,96.96666666666664,-15.866666666666037,0.0,
101.9625,93.72,96.96666666666664,14.742857142857384,11.650793650793869,
102.2625,109.2,109.2,51.79999999999801,51.79999999999801,
