bin	dis	ZDR	SD_ZDR	PHIDP	SD_PHIDP
0	0.075000				
1	0.150000				
2	0.225000				
3	0.300000				
4	0.375000				
5	0.450000				
6	0.525000				
7	0.600000				
8	0.675000				
9	0.750000				
10	0.825000		0.000000		0.000000
11	0.900000		0.000000		0.000000
12	0.975000		0.441942		2.078894
13	1.050000	1.812500	0.501949	35.460000	3.121877
14	1.125000	1.812500	0.584968	35.460000	3.647644
15	1.200000	0.875000	0.625694	39.870000	5.219749
16	1.275000	2.250000	0.590907	31.040000	4.895239
17	1.350000	0.750000	0.720287	29.590000	4.980543
18	1.425000	0.625000	0.698372	45.070000	5.010596
19	1.500000	1.687500	0.736485	33.850000	4.908653
20	1.575000	0.062500	0.872993	38.460000	5.900004
21	1.650000	1.625000	1.005406	34.530000	5.062086
22	1.725000	0.437500	1.935462	32.030000	4.500790
23	1.800000	-1.062500	1.845862	45.990000	5.621181
24	1.875000	2.000000	1.860574	39.430000	6.415156
25	1.950000	-3.937500	1.769930	41.290000	6.968219
26	2.025000	0.625000	1.769930	27.880000	7.175886
27	2.100000	0.625000	1.756184	27.880000	5.436092
28	2.175000	0.625000	1.500638	27.880000	4.492425
29	2.250000	-0.812500	0.802380	29.300000	2.418075
30	2.325000	-0.812500	0.779705	29.300000	3.921708
31	2.400000	-0.812500	0.736810	29.300000	4.571064
32	2.475000	1.187500	1.048946	35.240000	4.804200
33	2.550000	-0.312500	1.877592	38.850000	6.016612
34	2.625000	0.125000	2.158463	39.340000	5.985700
35	2.700000	2.062500	1.923895	40.630000	4.706872
36	2.775000	4.812500	1.913799	47.480000	6.510352
37	2.850000	4.812500	1.699340	47.480000	7.814035
38	2.925000	1.250000	1.542138	35.400000	7.850802
39	3.000000	1.375000	1.572544	27.220000	7.972794
40	3.075000	1.375000	1.433363	27.220000	7.105148
41	3.150000	1.187500	0.622913	40.370000	4.875071
42	3.225000	1.500000	2.735203	32.490000	121.331358
43	3.300000	-0.312500	3.311009	28.090000	140.711404
44	3.375000		3.369579		145.543463
45	3.450000	-6.125000	3.345064	356.410000	150.383243
46	3.525000	-5.812500	2.396490	300.440000	133.759407
47	3.600000		1.675522		109.210243
48	3.675000		2.414992		114.722835
49	3.750000	-2.625000	2.820849	113.620000	112.335122
50	3.825000	-2.625000	2.247360	113.620000	122.878041
51	3.900000	0.437500	3.565545	70.610000	115.888364
52	3.975000	2.375000	3.565545	348.050000	115.888364
53	4.050000	2.375000	3.402067	348.050000	117.482889
54	4.125000	7.812500	2.855532	276.910000	102.489937
55	4.200000		5.092427		48.788779
56	4.275000		5.824598		114.630451
57	4.350000	-0.375000	5.944614	228.040000	96.633655
58	4.425000	-7.812500	5.309690	255.920000	105.659464
59	4.500000	7.812500	4.854077	8.410000	96.456641
60	4.575000	4.875000	4.576971	170.210000	97.217212
61	4.650000	1.375000	5.058585	11.400000	113.236464
62	4.725000	1.875000	3.411158	136.900000	103.786298
63	4.800000	-1.187500	2.854100	25.340000	100.097552
64	4.875000	7.500000	2.624544	310.120000	115.559003
65	4.950000	-0.625000	2.646324	176.940000	111.842074
66	5.025000	0.937500	3.324092	242.300000	122.297524
67	5.100000	1.250000	4.519886	316.690000	126.230346
68	5.175000	2.625000	3.332858	30.530000	116.745272
69	5.250000	-4.000000	3.527159	34.730000	115.013618
70	5.325000	-7.812500	4.309292	2.070000	101.099275
71	5.400000	-0.375000	4.290771	23.240000	86.529428
72	5.475000	2.125000	4.486587	70.320000	88.522204
73	5.550000	6.312500	4.211069	35.840000	88.090761
74	5.625000	0.687500	2.724663	274.190000	87.504305
75	5.700000	4.375000	2.846912	4.940000	91.177129
76	5.775000	-1.187500	3.187012	45.770000	95.587586
77	5.850000	5.437500	2.639990	8.020000	98.224024
78	5.925000	-1.125000	3.161698	161.800000	120.925819
79	6.000000	-1.687500	3.006769	172.420000	138.760348
80	6.075000	-0.062500	2.877411	11.940000	133.578687
81	6.150000	5.937500	2.558998	356.200000	113.605903
82	6.225000	2.687500	2.341125	355.120000	110.515540
83	6.300000	3.625000	1.931298	254.070000	130.375962
84	6.375000	0.625000	2.338740	282.010000	118.721787
85	6.450000	2.250000	2.035636	254.310000	116.510309
86	6.525000	0.687500	2.528126	39.090000	110.793754
87	6.600000	-2.000000	2.978666	66.410000	118.450534
88	6.675000	-1.937500	3.472468	341.040000	115.498387
89	6.750000	-4.250000	3.194707	313.760000	113.849134
90	6.825000	-7.062500	3.696321	90.500000	122.475028
91	6.900000	-7.812500	3.723268	121.500000	120.469958
92	6.975000	0.812500	4.160274	88.410000	117.840231
93	7.050000	3.187500	4.378406	354.270000	127.352748
94	7.125000	-1.312500	4.005676	80.130000	133.422490
95	7.200000	2.625000	1.952767	24.660000	139.327087
96	7.275000	3.125000	1.941631	359.140000	140.906468
97	7.350000	5.187500	2.187227	31.840000	110.471342
98	7.425000	0.937500	1.752367	36.530000	113.490374
99	7.500000	0.937500	1.811422	63.280000	114.908484
100	7.575000	5.062500	1.883569	48.790000	17.918272
101	7.650000	0.875000	2.002709	18.440000	17.968884
102	7.725000	1.375000	2.132976	7.470000	18.545718
103	7.800000	0.750000	2.147057	50.240000	16.252803
104	7.875000	-2.375000	1.333141	44.270000	16.794317
105	7.950000	-1.000000	1.373143	52.050000	15.524847
106	8.025000	0.062500	1.296827	30.130000	9.327655
107	8.100000	1.687500	1.341308	53.050000	9.566075
108	8.175000	1.312500	1.016603	50.020000	12.805187
109	8.250000	0.250000	0.957483	30.030000	15.090170
110	8.325000	-1.250000	0.966433	34.010000	15.703620
111	8.400000	0.687500	1.208231	17.070000	15.433876
112	8.475000	-0.625000	1.527960	7.660000	106.227903
113	8.550000	0.812500	1.612491	44.530000	106.337471
114	8.625000	2.750000	1.581038	51.470000	105.759914
115	8.700000	3.250000	1.958189	331.760000	106.573608
116	8.775000	-0.687500	1.924641	28.200000	105.556924
117	8.850000	-1.062500	2.027631	46.570000	137.617412
118	8.925000	-2.562500	1.745119	7.380000	138.847702
119	9.000000	0.562500	1.356497	20.040000	107.345344
120	9.075000	-1.500000	1.360721	335.840000	107.058939
121	9.150000	0.562500	1.467168	35.130000	109.438029
122	9.225000	1.750000	1.368491	53.950000	107.582489
123	9.300000	-0.812500	1.302225	32.970000	107.882622
124	9.375000	-2.062500	1.326246	7.510000	14.284306
125	9.450000	-2.000000	1.322393	34.890000	15.903484
126	9.525000	-0.375000	0.937628	16.000000	12.341927
127	9.600000	0.750000	0.967505	40.540000	12.113888
128	9.675000	-1.437500	1.068970	10.570000	10.121861
129	9.750000	-1.625000	1.676671	33.270000	9.819803
130	9.825000	-0.375000	1.661290	30.010000	23.629038
131	9.900000	0.937500	1.663017	33.850000	49.785054
132	9.975000	3.687500	1.900255	24.670000	110.708411
133	10.050000	0.062500	1.796086	91.560000	110.822830
134	10.125000	-0.375000	3.161193	162.590000	106.702663
135	10.200000	-2.812500	3.853731	350.000000	108.122210
136	10.275000	0.562500	3.841880	32.020000	101.941732
137	10.350000	7.812500	4.166975	109.660000	107.917378
138	10.425000	7.812500	4.091683	21.490000	111.105278
139	10.500000	0.937500	4.048396	120.750000	42.546692
140	10.575000	-2.812500	3.882173	23.490000	43.041898
141	10.650000	1.500000	3.666742	17.300000	34.775404
142	10.725000	7.812500	3.037788	15.170000	34.473903
143	10.800000	3.812500	3.024243	24.510000	12.847990
144	10.875000	0.312500	2.291009	34.140000	12.619424
145	10.950000	2.375000	2.241978	51.230000	12.005220
146	11.025000	1.250000	1.267480	45.300000	10.063087
147	11.100000	3.250000	1.578111	27.660000	9.369509
148	11.175000	4.062500	1.433585	21.910000	9.452661
149	11.250000	2.937500	1.515124	37.170000	11.689690
150	11.325000	-0.687500	1.889738	41.470000	10.124685
151	11.400000	2.187500	1.829159	32.580000	22.357493
152	11.475000	0.750000	1.628868	8.440000	23.356560
153	11.550000	-1.250000	1.541813	24.540000	25.581402
154	11.625000	2.687500	1.528697	84.650000	28.547167
155	11.700000		1.607545		32.796318
156	11.775000		1.968750		30.055000
157	11.850000		0.406250		2.845000
158	11.925000		0.125000		133.945000
159	12.000000		0.135015		136.001899
160	12.075000	1.875000	0.128847	90.340000	129.684363
161	12.150000	1.625000	0.894951	358.230000	122.847876
162	12.225000	1.937500	1.671380	52.790000	118.569826
163	12.300000	1.937500	1.555315	41.780000	111.432718
164	12.375000	4.062500	1.704024	34.630000	113.351820
165	12.450000	-1.625000	1.699105	12.240000	11.911463
166	12.525000	1.187500	1.687807	43.600000	10.326675
167	12.600000	-0.500000	1.766459	31.190000	11.045471
168	12.675000	1.437500	1.350017	42.010000	11.082529
169	12.750000	0.437500	1.084812	41.740000	7.864896
170	12.825000	2.687500	1.069269	20.730000	7.351035
171	12.900000	-0.562500	0.968163	28.170000	7.265836
172	12.975000	0.062500	0.934647	33.630000	7.433643
173	13.050000	0.875000	0.968163	40.010000	6.975198
174	13.125000	0.562500	0.583440	34.510000	4.637336
175	13.200000	0.437500	0.392248	43.080000	3.586294
176	13.275000	1.437500	0.430983	37.400000	3.430248
177	13.350000	0.687500	0.495355	32.190000	3.552953
178	13.425000	0.562500	0.562004	38.790000	4.659291
179	13.500000	1.625000	0.564692	40.370000	4.244410
180	13.575000	0.187500	0.555871	41.220000	4.241911
181	13.650000	1.625000	0.531231	29.200000	3.817566
182	13.725000	1.625000	0.602927	40.100000	3.812939
183	13.800000	1.312500	0.569332	36.910000	3.727327
184	13.875000	1.187500	0.523826	35.990000	3.684256
185	13.950000	0.187500	0.464114	38.690000	1.623295
186	14.025000	0.812500	0.371798	39.460000	1.545564
187	14.100000	0.437500	0.318689	40.920000	1.387216
188	14.175000	1.000000	0.263960	39.390000	0.633036
189	14.250000	0.937500	0.182545	39.160000	1.249671
190	14.325000	0.687500	0.182545	39.490000	1.297313
191	14.400000	0.687500	0.218340	39.440000	1.030395
192	14.475000	0.937500	0.258466	36.420000	1.032722
193	14.550000	0.812500	0.262445	38.090000	1.026019
194	14.625000	1.375000	0.260616	38.770000	1.056888
195	14.700000	0.500000	0.248721	37.710000	0.924611
196	14.775000	1.000000	0.328785	39.090000	1.051147
197	14.850000	1.062500	0.367267	36.820000	1.046789
198	14.925000	0.812500	0.282910	38.520000	1.390660
199	15.000000	0.312500	0.298807	35.910000	1.671453
200	15.075000	0.375000	0.277217	37.890000	1.577844
201	15.150000	0.875000	0.290693	40.500000	2.100264
202	15.225000	0.375000	0.275487	35.440000	2.337745
203	15.300000	0.812500	0.545740	37.470000	2.272662
204	15.375000	0.062500	0.567790	33.580000	2.283931
205	15.450000	0.250000	0.580563	40.200000	1.964039
206	15.525000	1.812500	0.552418	37.860000	3.790841
207	15.600000	1.250000	0.557446	38.260000	3.742427
208	15.675000	1.125000	0.436497	36.660000	4.018030
209	15.750000	0.875000	0.584804	27.880000	3.807611
210	15.825000	1.125000	0.568632	35.620000	6.380740
211	15.900000	0.875000	0.585213	40.950000	6.507528
212	15.975000	2.625000	0.684653	37.790000	6.676515
213	16.050000	1.000000	0.790469	50.920000	5.475274
214	16.125000	0.875000	0.921418	34.650000	5.326950
215	16.200000	2.250000	1.449292	42.430000	5.406171
216	16.275000	0.187500	1.241682	34.280000	6.316572
217	16.350000	-0.062500	1.220833	37.410000	5.744333
218	16.425000	-2.062500	1.180396	42.550000	5.478076
219	16.500000	-0.375000	0.959562	50.060000	95.830795
220	16.575000	-0.437500	1.368025	47.840000	97.446239
221	16.650000	-0.437500	1.975132	36.420000	98.442093
222	16.725000	-2.500000	4.049203	314.840000	94.734312
223	16.800000	-4.000000	4.080894	162.050000	87.214736
224	16.875000	-6.000000	4.588017	190.890000	75.077168
225	16.950000	7.812500	4.603802	183.240000	59.275866
226	17.025000	0.625000	4.857389	160.820000	62.170761
227	17.100000	5.250000	4.655169	171.700000	71.638655
228	17.175000	-1.062500	3.817254	289.620000	79.585187
229	17.250000	-4.875000	2.948863	60.000000	85.429866
230	17.325000	1.937500	2.996597	73.370000	86.394032
231	17.400000	1.687500	2.436175	51.580000	83.643707
232	17.475000	2.625000	2.380599	33.270000	11.979588
233	17.550000	-0.625000	1.027368	53.130000	13.389481
234	17.625000	1.750000	1.027368	45.570000	8.007910
235	17.700000	0.375000	1.016838	42.330000	9.953384
236	17.775000	0.687500	0.830405	30.010000	9.774641
237	17.850000	1.937500	0.662161	40.800000	8.255987
238	17.925000	0.750000	0.593599	20.840000	28.428657
239	18.000000	0.125000	0.678806	37.530000	31.513535
240	18.075000	0.312500	0.680449	28.200000	30.416574
241	18.150000	0.062500	0.841468	111.990000	30.505978
242	18.225000	1.625000	0.978809	83.840000	29.015642
243	18.300000	0.625000	1.124362	50.080000	28.706880
244	18.375000	-1.375000	1.151682	39.350000	26.582456
245	18.450000	1.750000	1.147104	32.160000	15.485397
246	18.525000	2.125000	1.270558	41.560000	9.032278
247	18.600000	-0.062500	1.329548	53.410000	9.554682
248	18.675000	0.125000	2.179120	45.370000	12.255456
249	18.750000	-1.375000	2.030381	25.690000	11.969770
250	18.825000	-1.000000	2.202735	53.350000	12.019959
251	18.900000	-4.937500	2.524876	19.840000	10.428780
252	18.975000	0.437500	2.667806	38.160000	112.233710
253	19.050000	2.937500	2.619619	35.440000	111.275386
254	19.125000	2.937500	2.547508	35.440000	111.803498
255	19.200000	2.312500	1.066133	354.180000	111.175573
256	19.275000	1.562500	1.426952	41.340000	112.299641
257	19.350000	1.562500	1.306076	41.340000	112.922794
258	19.425000	0.000000	1.151336	28.390000	111.871612
259	19.500000	-1.187500	1.019266	21.000000	20.257275
260	19.575000	0.625000	0.964616	25.310000	20.247491
261	19.650000	2.000000	0.874909	61.760000	20.272704
262	19.725000	0.500000	1.030235	81.790000	19.758523
263	19.800000	0.312500	0.877820	43.950000	21.379068
264	19.875000	0.125000	1.245464	47.430000	20.684062
265	19.950000	2.000000	1.153757	33.700000	22.921192
266	20.025000	2.375000	1.218284	12.550000	22.963043
267	20.100000	-1.375000	1.308028	61.890000	25.822615
268	20.175000	0.750000	1.437583	14.980000	27.101497
269	20.250000	-0.437500	1.237179	81.960000	28.078017
270	20.325000	-0.812500	1.584966	75.890000	23.935346
271	20.400000	-1.312500	1.490242	23.310000	25.977828
272	20.475000	-0.562500	1.587884	68.970000	23.706859
273	20.550000	3.500000	1.722825	54.810000	22.270723
274	20.625000	-0.062500	1.849501	23.220000	19.950861
275	20.700000		1.808785		19.123854
276	20.775000		1.781250		15.795000
277	20.850000		0.000000		0.000000
278	20.925000				
279	21.000000				
280	21.075000				
281	21.150000				
282	21.225000				
283	21.300000				
284	21.375000				
285	21.450000				
286	21.525000				
287	21.600000				
288	21.675000				
289	21.750000				
290	21.825000				
291	21.900000				
292	21.975000				
293	22.050000				
294	22.125000				
295	22.200000				
296	22.275000				
297	22.350000				
298	22.425000				
299	22.500000				
300	22.575000				
301	22.650000				
302	22.725000				
303	22.800000				
304	22.875000				
305	22.950000				
306	23.025000				
307	23.100000				
308	23.175000				
309	23.250000				
310	23.325000				
311	23.400000				
312	23.475000				
313	23.550000				
314	23.625000				
315	23.700000				
316	23.775000				
317	23.850000				
318	23.925000				
319	24.000000				
320	24.075000				
321	24.150000				
322	24.225000				
323	24.300000				
324	24.375000				
325	24.450000				
326	24.525000				
327	24.600000				
328	24.675000				
329	24.750000				
330	24.825000				
331	24.900000				
332	24.975000				
333	25.050000				
334	25.125000				
335	25.200000				
336	25.275000				
337	25.350000				
338	25.425000				
339	25.500000				
340	25.575000				
341	25.650000				
342	25.725000				
343	25.800000				
344	25.875000				
345	25.950000				
346	26.025000				
347	26.100000				
348	26.175000				
349	26.250000				
350	26.325000				
351	26.400000				
352	26.475000				
353	26.550000				
354	26.625000				
355	26.700000				
356	26.775000				
357	26.850000				
358	26.925000				
359	27.000000				
360	27.075000				
361	27.150000				
362	27.225000				
363	27.300000				
364	27.375000				
365	27.450000				
366	27.525000				
367	27.600000				
368	27.675000				
369	27.750000				
370	27.825000				
371	27.900000				
372	27.975000				
373	28.050000				
374	28.125000		0.000000		0.000000
375	28.200000		0.812500		9.840000
376	28.275000		0.766032		8.787356
377	28.350000	1.062500	0.746738	63.840000	7.874530
378	28.425000	2.687500	0.785016	44.160000	7.238472
379	28.500000	1.062500	1.351600	46.450000	7.400230
380	28.575000	0.812500	1.260669	46.810000	7.216768
381	28.650000	0.375000	1.321187	46.140000	2.538883
382	28.725000	-1.875000	0.945754	40.540000	2.699119
383	28.800000	0.250000	0.904390	41.510000	2.567643
384	28.875000	-0.687500	0.991433	41.050000	2.135454
385	28.950000	0.562500	1.031859	41.100000	2.118609
386	29.025000	0.750000	0.639126	45.550000	2.100051
387	29.100000	1.375000	0.634243	41.800000	2.647724
388	29.175000	0.937500	0.351518	37.780000	2.775453
389	29.250000	1.187500	0.283192	41.000000	2.769734
390	29.325000	1.062500	0.465828	45.990000	3.070643
391	29.400000	1.687500	0.518319	39.560000	3.164679
392	29.475000	1.062500	0.518011	41.270000	3.148350
393	29.550000	0.062500	0.530180	35.490000	3.330521
394	29.625000	0.250000	0.527919	37.460000	2.212358
395	29.700000	0.875000	0.557017	42.290000	2.196003
396	29.775000	1.312500	0.615748	37.170000	1.953056
397	29.850000	0.750000	0.521539	39.050000	2.540242
398	29.925000	1.812500	0.367267	38.870000	2.551967
399	30.000000	1.625000	0.396493	38.120000	1.943064
400	30.075000	1.562500	0.408378	33.110000	3.307043
401	30.150000	1.500000	0.205163	39.050000	3.541493
402	30.225000	2.125000	0.427454	37.630000	3.539521
403	30.300000	1.937500	0.428943	45.300000	3.738341
404	30.375000	1.812500	0.546615	42.320000	3.185812
405	30.450000	0.687500	0.553859	39.440000	3.152330
406	30.525000	1.500000	0.485110	35.780000	2.888074
407	30.600000	0.625000	0.427454	43.810000	3.113611
408	30.675000	1.187500	0.348329	41.730000	3.022718
409	30.750000	1.625000	0.323653	42.470000	3.095531
410	30.825000	1.000000	0.311094	35.430000	2.741463
411	30.900000	1.125000	0.203211	41.160000	2.658856
412	30.975000	1.500000	0.196834	42.070000	2.739157
413	31.050000	1.375000	0.173591	44.510000	2.714610
414	31.125000	1.375000	0.152048	39.490000	1.667817
415	31.200000	1.312500	0.187287	42.930000	1.828747
416	31.275000	1.062500	0.236228	42.060000	1.952796
417	31.350000	1.125000	0.280363	39.550000	1.366736
418	31.425000	0.937500	0.245170	39.540000	1.761321
419	31.500000	0.687500	0.205551	39.260000	1.383410
420	31.575000	0.562500	0.292879	41.120000	1.067169
421	31.650000	1.125000	0.359590	37.330000	1.584365
422	31.725000	0.812500	0.576429	39.640000	3.275918
423	31.800000	1.500000	0.618104	40.250000	3.427699
424	31.875000	1.562500	0.658360	42.870000	3.747989
425	31.950000	-0.250000	0.729539	48.290000	3.414216
426	32.025000		0.840077		3.348008
427	32.100000		0.906250		2.710000
428	32.175000		0.000000		0.000000
429	32.250000				
430	32.325000				
431	32.400000				
432	32.475000				
433	32.550000				
434	32.625000				
435	32.700000				
436	32.775000				
437	32.850000				
438	32.925000				
439	33.000000				
440	33.075000				
441	33.150000				
442	33.225000				
443	33.300000				
444	33.375000				
445	33.450000				
446	33.525000				
447	33.600000				
448	33.675000				
449	33.750000		0.000000		0.000000
450	33.825000		1.625000		0.885000
451	33.900000		1.594261		10.266724
452	33.975000	3.187500	1.383055	52.900000	9.489274
453	34.050000	-0.062500	1.346291	51.130000	12.500175
454	34.125000	3.437500	1.528271	73.740000	13.021936
455	34.200000	2.375000	1.583406	51.600000	15.677163
456	34.275000	3.562500	1.563546	34.400000	16.598005
457	34.350000	0.062500	2.114394	35.920000	16.239228
458	34.425000	0.062500	2.084090	21.310000	10.005642
459	34.500000	0.125000	2.148430	27.070000	8.536441
460	34.575000	6.000000	2.044389	37.050000	8.529202
461	34.650000	3.000000	2.101793	48.670000	9.210454
462	34.725000	0.625000	2.128526	43.280000	7.361115
463	34.800000	1.312500	2.074009	34.990000	5.379356
464	34.875000		0.997828		5.626511
465	34.950000		0.613081		5.774440
466	35.025000		1.954562		12.245601
467	35.100000		1.974446		11.955992
468	35.175000	-0.187500	1.740488	29.210000	12.916638
469	35.250000	4.500000	1.558545	57.590000	11.591658
470	35.325000	1.125000	1.558545	49.660000	11.591658
471	35.400000	1.062500	1.558545	63.320000	11.591658
472	35.475000	1.812500	1.402425	47.580000	6.297755
473	35.550000		0.339781		6.981480
474	35.625000		1.881240		11.735034
475	35.700000		1.763588		6.940895
476	35.775000		1.051206		7.145406
477	35.850000	-2.500000	1.051206	34.620000	7.145406
478	35.925000	-0.562500	1.051206	50.630000	7.145406
479	36.000000	-0.062500	1.051206	48.750000	7.145406
480	36.075000		1.051206		7.145406
481	36.150000		0.235702		6.747167
482	36.225000		0.589256		5.667035
483	36.300000		0.625000		5.070000
484	36.375000	-0.062500	0.757486	35.470000	4.286524
485	36.450000	1.187500	0.766740	45.610000	6.330902
486	36.525000		0.820251		5.743834
487	36.600000	-0.625000	0.820251	38.180000	5.743834
488	36.675000	-0.750000	0.908403	27.910000	6.342123
489	36.750000	-1.187500	0.241163	39.200000	5.098773
490	36.825000		0.241163		5.098773
491	36.900000		0.218750		5.645000
492	36.975000		0.000000		0.000000
493	37.050000				
494	37.125000				
495	37.200000				
496	37.275000				
497	37.350000				
498	37.425000				
499	37.500000				
500	37.575000				
501	37.650000				
502	37.725000				
503	37.800000				
504	37.875000				
505	37.950000				
506	38.025000				
507	38.100000				
508	38.175000				
509	38.250000				
510	38.325000				
511	38.400000				
512	38.475000				
513	38.550000				
514	38.625000				
515	38.700000				
516	38.775000				
517	38.850000				
518	38.925000				
519	39.000000				
520	39.075000				
521	39.150000				
522	39.225000				
523	39.300000				
524	39.375000				
525	39.450000				
526	39.525000				
527	39.600000				
528	39.675000				
529	39.750000				
530	39.825000				
531	39.900000				
532	39.975000				
533	40.050000				
534	40.125000				
535	40.200000				
536	40.275000				
537	40.350000				
538	40.425000				
539	40.500000				
540	40.575000				
541	40.650000				
542	40.725000				
543	40.800000				
544	40.875000				
545	40.950000				
546	41.025000				
547	41.100000				
548	41.175000				
549	41.250000				
550	41.325000				
551	41.400000				
552	41.475000				
553	41.550000				
554	41.625000				
555	41.700000				
556	41.775000				
557	41.850000				
558	41.925000				
559	42.000000				
560	42.075000				
561	42.150000				
562	42.225000				
563	42.300000				
564	42.375000				
565	42.450000				
566	42.525000				
567	42.600000				
568	42.675000				
569	42.750000				
570	42.825000				
571	42.900000				
572	42.975000				
573	43.050000				
574	43.125000				
575	43.200000				
576	43.275000				
577	43.350000				
578	43.425000				
579	43.500000				
580	43.575000				
581	43.650000				
582	43.725000				
583	43.800000				
584	43.875000				
585	43.950000				
586	44.025000				
587	44.100000				
588	44.175000				
589	44.250000				
590	44.325000				
591	44.400000				
592	44.475000				
593	44.550000				
594	44.625000				
595	44.700000				
596	44.775000				
597	44.850000				
598	44.925000				
599	45.000000				
600	45.075000				
601	45.150000				
602	45.225000				
603	45.300000				
604	45.375000				
605	45.450000				
606	45.525000				
607	45.600000				
608	45.675000				
609	45.750000				
610	45.825000				
611	45.900000				
612	45.975000				
613	46.050000				
614	46.125000				
615	46.200000				
616	46.275000				
617	46.350000				
618	46.425000				
619	46.500000				
620	46.575000				
621	46.650000		0.000000		0.000000
622	46.725000		0.500000		15.650000
623	46.800000		0.601647		13.410149
624	46.875000	-0.250000	0.713295	22.120000	12.612893
625	46.950000	0.750000	0.787996	53.420000	13.540797
626	47.025000	1.187500	0.928428	46.400000	12.659413
627	47.100000	1.687500	0.869516	52.010000	11.720841
628	47.175000	2.000000	0.752759	62.210000	6.539012
629	47.250000	-0.500000	0.742844	39.900000	6.448745
630	47.325000	1.187500	0.780523	46.320000	6.388145
631	47.400000	1.437500	0.803770	47.400000	7.251269
632	47.475000	0.937500	0.709246	45.940000	6.776680
633	47.550000	1.812500	0.458585	49.430000	6.720833
634	47.625000	0.375000	0.463770	38.130000	8.509950
635	47.700000	0.562500	0.495355	28.440000	8.053754
636	47.775000	1.187500	0.669583	43.700000	7.605627
637	47.850000	0.812500	0.774473	26.690000	8.670794
638	47.925000	0.250000	0.873632	42.410000	8.741154
639	48.000000	2.125000	0.863352	40.040000	8.379555
640	48.075000	-0.562500	0.861411	54.090000	8.439974
641	48.150000	1.937500	0.892500	35.880000	6.875570
642	48.225000	1.062500	1.066806	50.170000	7.442355
643	48.300000	0.750000	1.031704	37.950000	7.454261
644	48.375000	0.250000	0.930287	34.240000	6.219304
645	48.450000	-0.875000	0.803671	50.210000	5.974031
646	48.525000	1.937500	1.030080	39.850000	4.956681
647	48.600000	0.250000	1.047881	36.530000	5.034545
648	48.675000	0.250000	1.052587	44.150000	5.223525
649	48.750000	2.375000	0.815194	38.780000	4.305785
650	48.825000	1.250000	0.721835	36.950000	4.442870
651	48.900000	0.187500	0.679511	48.990000	4.486438
652	48.975000	0.812500	0.951301	36.910000	4.431967
653	49.050000	0.812500	0.866578	43.560000	4.275136
654	49.125000	1.000000	0.863075	46.890000	5.233297
655	49.200000	-1.000000	0.854161	41.240000	4.422978
656	49.275000	2.000000	0.850889	43.880000	4.909031
657	49.350000	0.062500	0.998324	32.700000	5.135577
658	49.425000	0.375000	0.966185	39.400000	5.404660
659	49.500000	0.375000	0.878455	48.770000	5.429638
660	49.575000	-1.062500	0.635122	37.610000	5.350697
661	49.650000	0.625000	0.639126	48.520000	4.160222
662	49.725000	1.187500	0.639874	40.220000	4.178232
663	49.800000	0.125000	0.687906	40.740000	4.158138
664	49.875000	0.562500	0.361138	40.440000	3.725951
665	49.950000	0.187500	0.406029	39.220000	3.015140
666	50.025000	1.000000	0.563845	48.680000	4.793860
667	50.100000	0.500000	0.759506	42.020000	5.179384
668	50.175000	1.125000	0.779194	39.680000	5.182082
669	50.250000	-0.687500	0.847415	31.030000	5.133183
670	50.325000	1.937500	0.837479	45.810000	4.142928
671	50.400000	1.187500	0.836336	40.280000	4.094281
672	50.475000	-0.312500	0.861133	41.290000	4.280496
673	50.550000	0.562500	0.873085	39.930000	2.930872
674	50.625000	0.687500	0.667198	38.170000	2.997460
675	50.700000	-0.250000	0.582209	35.840000	5.893507
676	50.775000	-0.750000	0.605828	37.990000	5.916731
677	50.850000	0.875000	0.608585	46.040000	5.861423
678	50.925000	0.625000	0.624107	25.370000	5.837151
679	51.000000	1.062500	0.617687	32.890000	7.016816
680	51.075000	0.625000	0.322913	39.170000	7.447108
681	51.150000	0.875000	0.598947	37.440000	9.856787
682	51.225000	1.312500	0.742415	47.630000	8.367055
683	51.300000	1.562500	0.747658	30.960000	8.467075
684	51.375000	-0.437500	0.764528	56.790000	8.460165
685	51.450000	-0.437500	0.768169	44.910000	8.340270
686	51.525000	1.125000	0.730180	32.220000	8.468428
687	51.600000	1.125000	0.617558	39.370000	7.584469
688	51.675000	0.437500	0.550394	44.020000	4.651014
689	51.750000	0.875000	0.467707	33.850000	4.140231
690	51.825000	0.500000	0.431537	43.570000	3.254836
691	51.900000	-0.062500	0.431537	39.000000	4.453148
692	51.975000	-0.062500	0.496319	40.170000	4.275515
693	52.050000	0.875000	0.567790	37.350000	4.861045
694	52.125000	1.125000	0.608454	48.350000	5.311190
695	52.200000	1.250000	0.608454	41.140000	6.198739
696	52.275000	1.437500	0.479490	51.780000	7.830587
697	52.350000	1.437500	0.730944	36.820000	8.578900
698	52.425000	-0.062500	0.879090	52.420000	13.498384
699	52.500000	0.937500	0.886315	59.030000	16.533460
700	52.575000	-0.562500	0.883252	33.450000	17.160398
701	52.650000	2.187500	0.904390	15.880000	17.568316
702	52.725000	1.375000	0.839476	68.850000	18.299009
703	52.800000	0.375000	0.841752	59.470000	17.895497
704	52.875000	1.625000	0.593733	63.830000	17.374049
705	52.950000	0.562500	0.486259	35.270000	12.735026
706	53.025000	0.750000	0.679276	39.250000	10.544550
707	53.100000	1.250000	0.626474	41.100000	9.529440
708	53.175000	1.687500	0.676156	40.640000	2.122589
709	53.250000	2.437500	0.619507	37.710000	1.323225
710	53.325000		0.490358		1.501429
711	53.400000		0.375000		1.465000
712	53.475000		0.000000		0.000000
713	53.550000				
714	53.625000				
715	53.700000				
716	53.775000				
717	53.850000				
718	53.925000				
719	54.000000				
720	54.075000				
721	54.150000				
722	54.225000				
723	54.300000				
724	54.375000				
725	54.450000				
726	54.525000				
727	54.600000				
728	54.675000		0.000000		0.000000
729	54.750000		1.750000		1.100000
730	54.825000		3.142589		1.671333
731	54.900000	0.750000	2.935671	44.680000	2.581573
732	54.975000	4.250000	2.935671	42.480000	2.581573
733	55.050000	-3.437500	2.935671	46.570000	2.581573
734	55.125000	3.062500	2.935671	39.640000	2.581573
735	55.200000		3.378984		2.844461
736	55.275000		3.250000		3.465000
737	55.350000		0.000000		0.000000
738	55.425000				
739	55.500000				
740	55.575000				
741	55.650000				
742	55.725000				
743	55.800000				
744	55.875000				
745	55.950000				
746	56.025000				
747	56.100000		0.000000		0.000000
748	56.175000		0.562500		15.390000
749	56.250000		1.182922		13.522954
750	56.325000	-2.312500	2.074774	17.440000	12.032324
751	56.400000	-1.187500	2.074774	48.220000	12.032324
752	56.475000	0.562500	1.966278	43.430000	11.389772
753	56.550000	3.187500	2.080936	42.740000	12.535230
754	56.625000		1.766447		6.524506
755	56.700000	-1.562500	1.526104	47.280000	6.490605
756	56.775000	2.562500	1.645353	58.610000	7.026052
757	56.850000	1.375000	1.344317	37.450000	7.051642
758	56.925000	0.875000	1.285266	44.420000	6.437343
759	57.000000		0.713903		6.474238
760	57.075000	0.687500	0.517175	42.480000	3.498590
761	57.150000	1.812500	0.476897	45.950000	11.958865
762	57.225000	0.500000	0.484683	43.400000	15.348393
763	57.300000	0.312500	1.383381	36.560000	14.228271
764	57.375000	0.812500	1.662298	73.670000	15.058798
765	57.450000	1.062500	1.643003	22.290000	15.065033
766	57.525000	-2.875000	1.721664	41.990000	15.076859
767	57.600000	2.937500	1.737152	58.150000	14.681854
768	57.675000	-0.687500	1.739903	44.770000	10.632887
769	57.750000	1.750000	1.766820	49.550000	7.370326
770	57.825000	1.187500	1.008020	41.750000	7.551597
771	57.900000	0.937500	0.819972	33.160000	5.471507
772	57.975000	1.562500	0.785207	39.300000	6.561151
773	58.050000	1.562500	0.848449	49.750000	5.778805
774	58.125000	0.187500	0.892946	45.670000	5.809491
775	58.200000	-0.562500	0.886855	32.730000	5.039332
776	58.275000	-0.500000	0.938392	42.630000	5.202281
777	58.350000	1.562500	1.196495	38.450000	3.833062
778	58.425000	0.687500	1.197561	41.280000	3.412841
779	58.500000	1.875000	1.167835	37.320000	2.141741
780	58.575000	-1.812500	1.293195	39.070000	7.328761
781	58.650000	0.062500	1.514018	43.620000	8.074394
782	58.725000	-0.125000	1.613776	41.440000	8.444188
783	58.800000	-1.437500	1.534104	20.020000	9.404392
784	58.875000	2.687500	1.269491	46.900000	9.468252
785	58.950000	1.875000	1.259277	30.300000	9.274949
786	59.025000	1.062500	1.219134	48.730000	9.179947
787	59.100000	0.250000	0.748510	41.690000	5.766003
788	59.175000	1.187500	0.538386	38.250000	5.349307
789	59.250000	1.500000	0.731053	37.890000	6.880923
790	59.325000	0.625000	0.765361	37.810000	6.587343
791	59.400000	1.687500	0.913686	43.890000	7.113398
792	59.475000	2.687500	0.917864	57.980000	6.724479
793	59.550000	0.625000	0.984251	41.700000	7.482185
794	59.625000	-0.437500	1.173963	50.690000	6.580297
795	59.700000	1.375000	1.116536	43.760000	6.431516
796	59.775000	0.000000	0.890801	58.350000	5.818487
797	59.850000	-0.875000	0.965608	43.860000	5.666427
798	59.925000	0.125000	0.912900	45.590000	5.678103
799	60.000000	1.812500	0.906855	54.550000	5.840907
800	60.075000	1.437500	0.908611	42.680000	4.763195
801	60.150000	1.250000	0.640621	45.370000	4.936661
802	60.225000	-0.062500	0.558018	42.330000	5.319083
803	60.300000	1.250000	0.511507	37.610000	2.781755
804	60.375000	1.062500	0.523826	40.890000	3.257921
805	60.450000	1.562500	1.175795	38.000000	5.216806
806	60.525000	1.437500	1.388271	44.580000	6.619913
807	60.600000	1.562500	1.409753	46.460000	6.498599
808	60.675000	-1.875000	1.570667	29.420000	6.503434
809	60.750000	3.125000	1.591241	51.480000	6.585338
810	60.825000	0.437500	1.546783	43.950000	10.960951
811	60.900000	-0.937500	1.489119	43.910000	10.752445
812	60.975000	-0.562500	1.239625	37.230000	10.243395
813	61.050000	-0.125000	0.850233	16.910000	9.498473
814	61.125000	1.000000	0.858072	44.200000	9.331186
815	61.200000	0.312500	0.695512	43.690000	9.490834
816	61.275000	1.750000	0.568351	45.610000	9.958938
817	61.350000	0.625000	0.499681	40.320000	2.796139
818	61.425000	0.562500	0.494872	45.710000	3.396340
819	61.500000	0.187500	0.487569	48.300000	6.172912
820	61.575000	1.125000	0.336928	39.870000	5.869688
821	61.650000	0.625000	0.394477	38.400000	5.870573
822	61.725000	1.250000	0.393668	28.290000	5.765206
823	61.800000	0.562500	0.366615	40.240000	4.687185
824	61.875000	0.125000	0.346953	40.480000	6.005587
825	61.950000	0.687500	0.359368	44.880000	5.980198
826	62.025000	0.375000	0.294508	39.210000	3.740923
827	62.100000	1.000000	0.325373	49.390000	3.734705
828	62.175000	0.937500	0.291241	39.160000	3.732481
829	62.250000	0.375000	0.441220	38.170000	3.657141
830	62.325000	0.187500	0.452812	40.360000	3.697796
831	62.400000	0.375000	0.507595	40.530000	2.430924
832	62.475000	1.500000	0.495516	38.060000	2.428306
833	62.550000	1.187500	0.506337	43.280000	2.280848
834	62.625000	0.062500	0.501592	45.040000	3.202444
835	62.700000	0.687500	0.480487	39.190000	3.274715
836	62.775000	0.250000	0.423143	39.410000	3.181342
837	62.850000	1.125000	0.406225	34.470000	3.049725
838	62.925000	0.687500	0.314154	41.960000	2.238276
839	63.000000	1.187500	0.306966	39.410000	2.418260
840	63.075000	1.062500	0.167038	37.760000	2.483367
841	63.150000	1.062500	0.210911	40.970000	1.582844
842	63.225000	0.812500	0.159219	41.620000	1.936793
843	63.300000	1.062500	0.159219	40.980000	2.586301
844	63.375000	1.375000	0.682204	38.030000	2.447996
845	63.450000	1.000000	0.679276	43.650000	2.534479
846	63.525000	1.187500	0.687442	45.520000	2.527587
847	63.600000	-0.812500	0.686165	45.050000	3.695900
848	63.675000	1.000000	0.625383	40.070000	3.373581
849	63.750000	0.500000	0.655262	41.950000	4.339673
850	63.825000	0.375000	0.610939	50.210000	4.738977
851	63.900000	0.750000	0.292607	39.710000	4.568479
852	63.975000	1.250000	0.302256	35.950000	4.588429
853	64.050000	0.500000	0.376273	35.760000	4.778584
854	64.125000	0.562500	0.322913	43.210000	3.463832
855	64.200000	1.062500	0.444101	42.750000	4.559689
856	64.275000	1.437500	0.431353	45.140000	3.858259
857	64.350000	0.937500	0.444101	43.130000	3.701434
858	64.425000	0.062500	0.792684	49.560000	4.389542
859	64.500000	0.375000	0.769413	40.980000	4.413889
860	64.575000	1.125000	0.670535	36.360000	4.622241
861	64.650000	-1.062500	0.627546	36.240000	4.850631
862	64.725000	0.687500	0.630081	40.330000	3.914900
863	64.800000	0.250000	0.626529	46.730000	5.579415
864	64.875000	0.062500	0.564975	46.140000	5.489209
865	64.950000	0.000000	0.291241	39.110000	4.379450
866	65.025000	0.125000	0.248721	52.180000	3.766613
867	65.100000	0.812500	0.557875	49.950000	3.778567
868	65.175000	0.250000	0.595208	46.640000	4.180669
869	65.250000	0.187500	0.594672	45.800000	4.725291
870	65.325000	-1.187500	0.606617	47.500000	3.957675
871	65.400000	0.625000	0.625765	41.700000	3.365853
872	65.475000	0.250000	0.691835	36.970000	3.361776
873	65.550000	0.500000	0.717626	43.970000	3.663990
874	65.625000	0.937500	0.365090	45.460000	2.889671
875	65.700000	1.062500	0.478825	40.530000	2.960616
876	65.775000	0.937500	0.509789	37.490000	2.442326
877	65.850000	0.000000	0.504128	40.280000	3.388163
878	65.925000	1.500000	0.572822	42.840000	3.248270
879	66.000000	0.062500	0.560726	41.460000	3.419167
880	66.075000	0.875000	0.550684	48.550000	2.585732
881	66.150000	-0.062500	0.527013	44.180000	3.238417
882	66.225000	0.937500	0.402083	46.080000	3.699492
883	66.300000	0.312500	0.441761	44.340000	3.705412
884	66.375000	1.000000	0.455620	37.540000	3.325812
885	66.450000	0.625000	0.379228	38.510000	3.119107
886	66.525000	1.375000	0.380068	41.360000	2.864547
887	66.600000	1.062500	0.364434	37.410000	2.445804
888	66.675000	1.500000	0.370294	40.640000	2.308140
889	66.750000	1.062500	0.380487	44.960000	2.252382
890	66.825000	0.375000	0.351745	40.340000	2.240363
891	66.900000	1.187500	0.439228	38.630000	1.910608
892	66.975000	0.562500	0.354229	42.010000	2.056661
893	67.050000	1.000000	0.393465	40.870000	1.465191
894	67.125000	0.187500	0.357366	39.370000	1.449260
895	67.200000	0.937500	0.371583	43.240000	1.667743
896	67.275000	1.312500	0.367267	41.620000	1.647265
897	67.350000	1.000000	0.385896	40.990000	1.917080
898	67.425000	0.375000	0.356249	37.750000	2.087825
899	67.500000	0.625000	0.347183	39.490000	2.105268
900	67.575000	0.312500	0.289043	43.250000	2.104757
901	67.650000	0.375000	0.263052	43.960000	2.096265
902	67.725000	0.812500	0.336454	43.380000	1.402345
903	67.800000	1.062500	0.360476	41.540000	0.915187
904	67.875000	0.812500	0.451577	41.750000	1.438505
905	67.950000	0.000000	0.464114	41.750000	2.079840
906	68.025000	0.937500	0.468218	41.910000	2.567917
907	68.100000	-0.187500	0.436497	45.670000	2.424781
908	68.175000	0.937500	0.428943	47.150000	2.150035
909	68.250000	0.312500	0.406029	47.600000	1.821604
910	68.325000	0.125000	0.371154	45.650000	2.359496
911	68.400000	0.750000	0.470087	45.040000	2.474151
912	68.475000	0.750000	0.628942	43.650000	2.610094
913	68.550000	0.312500	0.605697	40.010000	2.084267
914	68.625000	1.625000	0.521691	42.570000	1.806599
915	68.700000	1.875000	0.511039	40.210000	1.702156
916	68.775000	1.250000	0.511039	44.390000	1.659281
917	68.850000	0.687500	0.429686	42.190000	2.720025
918	68.925000	0.937500	0.427081	44.460000	2.808496
919	69.000000	0.750000	0.320435	43.100000	2.712225
920	69.075000	1.562500	0.296665	36.050000	2.616388
921	69.150000	0.750000	0.283473	43.900000	3.984575
922	69.225000	0.625000	0.558446	42.830000	3.908141
923	69.300000	1.000000	0.558446	43.150000	4.316079
924	69.375000	0.937500	0.551985	33.660000	4.078833
925	69.450000	2.312500	0.542663	43.790000	4.397018
926	69.525000	0.750000	0.540455	46.380000	4.397803
927	69.600000	0.625000	0.564975	47.040000	4.379347
928	69.675000	1.000000	0.583303	37.990000	3.033177
929	69.750000	1.562500	0.314914	41.140000	3.173483
930	69.825000	0.687500	0.314914	40.730000	2.853977
931	69.900000	0.687500	0.374575	41.150000	2.824064
932	69.975000	0.625000	0.386722	45.410000	2.242737
933	70.050000	0.750000	0.293966	43.420000	2.123876
934	70.125000	0.250000	0.293966	46.910000	2.115548
935	70.200000	1.125000	0.337164	41.600000	1.956940
936	70.275000	0.187500	0.374787	43.340000	2.058181
937	70.350000	0.687500	0.465828	40.780000	2.459452
938	70.425000	0.125000	0.459800	44.360000	2.318644
939	70.500000	1.000000	0.400892	40.690000	2.800836
940	70.575000	-0.250000	0.542222	39.070000	3.080447
941	70.650000	0.562500	0.548799	46.360000	3.132501
942	70.725000	0.750000	0.526104	47.000000	3.638608
943	70.800000	1.562500	0.545740	46.720000	3.408157
944	70.875000	0.875000	0.378597	47.670000	2.862181
945	70.950000	1.187500	0.378597	39.290000	2.942743
946	71.025000	0.312500	0.400693	43.970000	2.721668
947	71.100000	0.937500	0.325128	42.130000	2.469782
948	71.175000	0.562500	0.372654	41.740000	1.792061
949	71.250000	1.312500	0.359590	44.780000	1.063404
950	71.325000	1.062500	0.321676	44.390000	2.425830
951	71.400000	0.375000	0.445356	43.690000	2.510102
952	71.475000	0.437500	0.466342	42.890000	2.482280
953	71.550000	0.875000	0.364216	37.000000	2.568211
954	71.625000	-0.125000	0.294508	44.280000	2.507141
955	71.700000	0.250000	0.300404	42.570000	2.776483
956	71.775000	0.437500	0.306966	39.490000	2.764993
957	71.850000	0.062500	0.215028	43.880000	2.698654
958	71.925000	0.500000	0.161703	37.730000	3.689381
959	72.000000	0.125000	0.520621	42.760000	3.722153
960	72.075000	0.437500	0.519394	37.320000	3.740148
961	72.150000	0.437500	0.492935	48.690000	3.763016
962	72.225000	1.750000	0.491963	39.960000	3.313595
963	72.300000	0.500000	0.454218	44.190000	3.347006
964	72.375000	0.312500	0.542222	44.190000	2.694133
965	72.450000	0.562500	0.548363	43.360000	1.535508
966	72.525000	0.625000	0.307744	41.590000	1.452509
967	72.600000	-0.187500	0.399497	40.830000	2.017654
968	72.675000	0.875000	0.386515	41.990000	1.944051
969	72.750000	0.562500	0.389597	40.360000	1.947657
970	72.825000	1.187500	0.457889	46.590000	2.078590
971	72.900000	0.562500	0.288767	43.250000	2.696855
972	72.975000	0.750000	0.526861	41.450000	2.679411
973	73.050000	1.312500	0.494388	40.180000	3.358222
974	73.125000	1.187500	0.582893	47.430000	3.514060
975	73.200000	2.187500	0.582893	42.360000	3.521732
976	73.275000	1.562500	0.565680	36.940000	4.256437
977	73.350000	0.375000	0.606355	47.450000	4.238298
978	73.425000	0.562500	0.611851	41.730000	3.679785
979	73.500000	1.000000	0.370294	35.740000	3.682320
980	73.575000	0.500000	0.461530	43.300000	4.194074
981	73.650000	0.750000	0.580014	42.680000	3.845726
982	73.725000	0.687500	0.621803	42.430000	4.710802
983	73.800000	-0.562500	0.612112	50.020000	4.663473
984	73.875000	1.500000	0.627546	43.060000	4.778248
985	73.950000	0.000000	0.786627	50.730000	4.774499
986	74.025000	0.062500	0.812157	35.930000	4.908297
987	74.100000	0.812500	0.673501	41.050000	5.329103
988	74.175000	1.812500	0.656235	42.810000	5.468066
989	74.250000	1.187500	0.607799	40.350000	4.806587
990	74.325000	1.562500	0.499841	52.040000	3.772911
991	74.400000	1.312500	0.628434	47.400000	3.523472
992	74.475000	0.250000	0.595208	43.760000	4.426101
993	74.550000	0.687500	0.587931	46.050000	4.036681
994	74.625000	0.000000	0.539569	47.420000	3.045726
995	74.700000	1.625000	0.483464	37.810000	2.918835
996	74.775000	0.812500	0.488386	44.260000	2.922328
997	74.850000	0.375000	0.488386	43.910000	2.961216
998	74.925000	0.687500	0.517549	41.360000	2.279309
999	75.000000	1.187500	0.386309	43.970000	2.166178
1000	75.075000	0.687500	0.389187	39.890000	2.148248
1001	75.150000	-0.125000	0.396493	40.580000	2.298191
1002	75.225000	0.875000	0.400096	38.290000	2.493940
1003	75.300000	0.375000	0.379228	44.150000	2.299686
1004	75.375000	0.937500	0.454919	44.820000	2.804108
1005	75.450000	0.812500	0.311350	39.120000	2.829293
1006	75.525000	1.062500	0.387339	41.770000	2.341095
1007	75.600000	1.375000	0.376061	46.300000	2.384818
1008	75.675000	1.312500	0.497122	44.530000	2.352529
1009	75.750000	0.312500	0.564410	41.000000	2.314115
1010	75.825000	1.500000	0.571568	44.710000	2.282467
1011	75.900000	2.000000	0.581524	41.350000	2.585901
1012	75.975000	0.375000	0.718625	39.300000	2.644852
1013	76.050000	0.875000	0.701106	42.970000	2.628703
1014	76.125000	0.625000	0.670416	47.600000	2.534862
1015	76.200000	-0.312500	0.468899	40.490000	2.471874
1016	76.275000	0.562500	0.474140	44.260000	2.247614
1017	76.350000	1.250000	0.463942	43.150000	2.208486
1018	76.425000	1.000000	0.598947	43.110000	1.743997
1019	76.500000	0.312500	0.554435	46.730000	1.724709
1020	76.575000	0.687500	0.647306	43.840000	1.785552
1021	76.650000	-0.500000	0.835478	42.580000	1.703751
1022	76.725000	1.125000	0.832993	47.320000	3.584712
1023	76.800000	-0.312500	0.839666	45.790000	4.121427
1024	76.875000	2.125000	0.839666	45.740000	4.142680
1025	76.950000	0.187500	0.729962	36.050000	4.168823
1026	77.025000	0.937500	0.720287	36.930000	3.777811
1027	77.100000	0.500000	0.617300	40.530000	3.656434
1028	77.175000	1.187500	0.362460	43.490000	3.469716
1029	77.250000	0.875000	0.332162	44.490000	3.325954
1030	77.325000	0.250000	0.674565	44.900000	2.089763
1031	77.400000	0.312500	0.671011	44.380000	1.737695
1032	77.475000	0.937500	0.679511	48.200000	1.690971
1033	77.550000	2.375000	0.681268	44.000000	2.517340
1034	77.625000	1.437500	0.614841	42.050000	2.655962
1035	77.700000	0.687500	0.573517	44.380000	2.867028
1036	77.775000	0.812500	0.574628	39.320000	2.204284
1037	77.850000	1.187500	0.372654	41.030000	2.354805
1038	77.925000	0.562500	0.368784	46.480000	2.315204
1039	78.000000	1.437500	0.404652	43.820000	3.051457
1040	78.075000	0.500000	0.435399	45.480000	2.371018
1041	78.150000	0.312500	0.410520	44.020000	2.591010
1042	78.225000	0.312500	0.410520	49.130000	2.595694
1043	78.300000	1.187500	0.393060	43.560000	2.500730
1044	78.375000	0.937500	0.498243	50.720000	2.457658
1045	78.450000	1.000000	0.498243	45.550000	3.379407
1046	78.525000	0.062500	0.740802	48.070000	3.966055
1047	78.600000	-0.250000	1.153273	46.510000	4.320522
1048	78.675000	0.312500	1.163458	39.880000	4.851120
1049	78.750000	2.125000	1.136281	38.870000	5.201679
1050	78.825000	-1.875000	1.168040	50.020000	4.952970
1051	78.900000	1.062500	1.154862	36.180000	5.232775
1052	78.975000	0.500000	1.183229	49.090000	6.153257
1053	79.050000	-0.500000	0.867221	44.400000	6.333843
1054	79.125000	0.125000	0.547742	37.150000	5.536361
1055	79.200000	-0.500000	0.363839	32.970000	5.459853
1056	79.275000	0.125000	0.288111	36.530000	4.069446
1057	79.350000		0.994614		3.201606
1058	79.425000	0.125000	1.112440	37.070000	3.637261
1059	79.500000	-0.312500	1.123069	43.630000	4.638799
1060	79.575000	2.500000	1.105983	35.860000	5.446520
1061	79.650000	1.750000	1.112028	32.580000	5.174467
1062	79.725000	-0.562500	1.112028	45.910000	8.496766
1063	79.800000	0.937500	1.626324	47.060000	9.406882
1064	79.875000	-0.500000	1.557978	43.670000	10.004629
1065	79.950000	0.125000	1.640716	21.700000	10.599052
1066	80.025000	4.250000	1.676399	24.870000	10.970956
1067	80.100000	0.312500	1.813750	45.700000	11.936756
1068	80.175000		1.830898		11.577569
1069	80.250000		2.023784		10.417277
1070	80.325000	-0.687500	0.457385	51.570000	7.580057
1071	80.400000	-0.625000	0.031250	33.380000	9.095000
1072	80.475000		0.031250		9.095000
1073	80.550000		0.031250		9.095000
1074	80.625000		0.968750		0.125000
1075	80.700000		0.062500		1.760000
1076	80.775000		0.062500		1.760000
1077	80.850000	1.312500	0.062500	33.630000	1.760000
1078	80.925000	1.437500	0.062500	37.150000	1.760000
1079	81.000000		0.062500		1.760000
1080	81.075000		0.241163		1.713554
1081	81.150000		0.281250		0.110000
1082	81.225000		0.000000		0.000000
1083	81.300000	0.875000	0.000000	37.370000	0.000000
1084	81.375000		0.000000		0.000000
1085	81.450000		0.000000		0.000000
1086	81.525000		0.000000		0.000000
1087	81.600000				
1088	81.675000				
1089	81.750000				
1090	81.825000				
1091	81.900000				
1092	81.975000				
1093	82.050000				
1094	82.125000				
1095	82.200000				
1096	82.275000				
1097	82.350000				
1098	82.425000				
1099	82.500000				
1100	82.575000				
1101	82.650000				
1102	82.725000				
1103	82.800000				
1104	82.875000				
1105	82.950000				
1106	83.025000				
1107	83.100000				
1108	83.175000				
1109	83.250000				
1110	83.325000				
1111	83.400000				
1112	83.475000				
1113	83.550000				
1114	83.625000				
1115	83.700000				
1116	83.775000				
1117	83.850000				
1118	83.925000				
1119	84.000000				
1120	84.075000				
1121	84.150000				
1122	84.225000				
1123	84.300000				
1124	84.375000				
1125	84.450000				
1126	84.525000				
1127	84.600000				
1128	84.675000				
1129	84.750000				
1130	84.825000				
1131	84.900000				
1132	84.975000				
1133	85.050000				
1134	85.125000				
1135	85.200000				
1136	85.275000				
1137	85.350000				
1138	85.425000				
1139	85.500000				
1140	85.575000				
1141	85.650000				
1142	85.725000				
1143	85.800000				
1144	85.875000				
1145	85.950000				
1146	86.025000				
1147	86.100000				
1148	86.175000				
1149	86.250000				
1150	86.325000				
1151	86.400000				
1152	86.475000				
1153	86.550000				
1154	86.625000				
1155	86.700000				
1156	86.775000				
1157	86.850000				
1158	86.925000				
1159	87.000000				
1160	87.075000				
1161	87.150000				
1162	87.225000				
1163	87.300000				
1164	87.375000				
1165	87.450000				
1166	87.525000				
1167	87.600000				
1168	87.675000				
1169	87.750000				
1170	87.825000				
1171	87.900000				
1172	87.975000				
1173	88.050000				
1174	88.125000				
1175	88.200000				
1176	88.275000				
1177	88.350000				
1178	88.425000				
1179	88.500000				
1180	88.575000				
1181	88.650000				
1182	88.725000				
1183	88.800000				
1184	88.875000				
1185	88.950000				
1186	89.025000				
1187	89.100000				
1188	89.175000				
1189	89.250000				
1190	89.325000				
1191	89.400000				
1192	89.475000				
1193	89.550000				
1194	89.625000				
1195	89.700000				
1196	89.775000				
1197	89.850000				
1198	89.925000				
1199	90.000000				
1200	90.075000				
1201	90.150000				
1202	90.225000				
1203	90.300000				
1204	90.375000				
1205	90.450000				
1206	90.525000				
1207	90.600000				
1208	90.675000				
1209	90.750000				
1210	90.825000				
1211	90.900000				
1212	90.975000				
1213	91.050000				
1214	91.125000				
1215	91.200000				
1216	91.275000				
1217	91.350000				
1218	91.425000				
1219	91.500000				
1220	91.575000				
1221	91.650000				
1222	91.725000				
1223	91.800000				
1224	91.875000				
1225	91.950000				
1226	92.025000				
1227	92.100000				
1228	92.175000				
1229	92.250000				
1230	92.325000				
1231	92.400000				
1232	92.475000				
1233	92.550000				
1234	92.625000				
1235	92.700000				
1236	92.775000				
1237	92.850000				
1238	92.925000				
1239	93.000000				
1240	93.075000				
1241	93.150000				
1242	93.225000				
1243	93.300000				
1244	93.375000				
1245	93.450000				
1246	93.525000				
1247	93.600000				
1248	93.675000				
1249	93.750000				
1250	93.825000				
1251	93.900000				
1252	93.975000				
1253	94.050000				
1254	94.125000				
1255	94.200000				
1256	94.275000				
1257	94.350000				
1258	94.425000				
1259	94.500000				
1260	94.575000				
1261	94.650000				
1262	94.725000				
1263	94.800000				
1264	94.875000				
1265	94.950000				
1266	95.025000				
1267	95.100000				
1268	95.175000				
1269	95.250000				
1270	95.325000				
1271	95.400000				
1272	95.475000				
1273	95.550000				
1274	95.625000				
1275	95.700000				
1276	95.775000				
1277	95.850000				
1278	95.925000				
1279	96.000000				
1280	96.075000				
1281	96.150000				
1282	96.225000				
1283	96.300000				
1284	96.375000				
1285	96.450000				
1286	96.525000				
1287	96.600000				
1288	96.675000				
1289	96.750000				
1290	96.825000				
1291	96.900000				
1292	96.975000				
1293	97.050000				
1294	97.125000				
1295	97.200000				
1296	97.275000				
1297	97.350000				
1298	97.425000				
1299	97.500000				
1300	97.575000				
1301	97.650000				
1302	97.725000				
1303	97.800000				
1304	97.875000				
1305	97.950000				
1306	98.025000				
1307	98.100000				
1308	98.175000				
1309	98.250000				
1310	98.325000				
1311	98.400000				
1312	98.475000				
1313	98.550000				
1314	98.625000				
1315	98.700000				
1316	98.775000				
1317	98.850000				
1318	98.925000				
1319	99.000000				
1320	99.075000				
1321	99.150000				
1322	99.225000				
1323	99.300000				
1324	99.375000				
1325	99.450000				
1326	99.525000				
1327	99.600000				
1328	99.675000				
1329	99.750000				
1330	99.825000				
1331	99.900000				
1332	99.975000				
1333	100.050000				
1334	100.125000				
1335	100.200000				
1336	100.275000				
1337	100.350000				
1338	100.425000				
1339	100.500000				
1340	100.575000				
1341	100.650000				
1342	100.725000				
1343	100.800000				
1344	100.875000		0.000000		0.000000
1345	100.950000		0.000000		3.110000
1346	101.025000		0.176777		4.186218
1347	101.100000	0.312500	0.408647	46.720000	5.513558
1348	101.175000	0.312500	0.375832	40.500000	6.833181
1349	101.250000	-0.062500	0.445488	50.670000	6.391637
1350	101.325000	1.062500	0.567649	36.370000	6.541287
1351	101.400000	0.625000	1.464993	31.740000	6.012325
1352	101.475000	-0.312500	1.525767	37.460000	5.973697
1353	101.550000	1.437500	1.408622	32.610000	3.616233
1354	101.625000	4.375000	1.487244	42.460000	3.940810
1355	101.700000	2.687500	1.562257	38.430000	3.295859
1356	101.775000	1.312500	1.427410	40.490000	3.544056
1357	101.850000	0.187500	1.564608	41.750000	1.530513
1358	101.925000		1.022320		1.368438
1359	102.000000		0.562500		0.630000
1360	102.075000		0.000000		0.000000
1361	102.150000				
1362	102.225000				
1363	102.300000				
1364	102.375000				
1365	102.450000				
1366	102.525000				
1367	102.600000				
1368	102.675000				
1369	102.750000				
1370	102.825000				
1371	102.900000				
1372	102.975000				
1373	103.050000				
1374	103.125000				
1375	103.200000				
1376	103.275000				
1377	103.350000				
1378	103.425000				
1379	103.500000				
1380	103.575000				
1381	103.650000		0.000000		0.000000
1382	103.725000		0.343750		2.375000
1383	103.800000		0.417707		1.939502
1384	103.875000	0.250000	0.421586	49.910000	5.915921
1385	103.950000	0.937500	1.045377	45.160000	7.767181
1386	104.025000	1.250000	1.267285	47.610000	7.852046
1387	104.100000	1.312500	1.505941	34.460000	10.388210
1388	104.175000	3.375000	1.459050	58.500000	10.411520
1389	104.250000	-0.812500	1.570820	56.180000	10.403577
1390	104.325000	3.750000	1.603468	27.430000	10.527677
1391	104.400000	0.750000	1.603170	39.490000	10.931709
1392	104.475000	-0.187500	1.338988	43.590000	9.675736
1393	104.550000	0.437500	1.198226	36.950000	8.344146
1394	104.625000	1.187500	0.456144	56.180000	6.565629
1395	104.700000	0.937500	0.474644	38.880000	6.804693
1396	104.775000	0.187500	0.549379	47.660000	6.829620
1397	104.850000	1.000000	0.634243	36.640000	6.389336
1398	104.925000	0.187500	0.607537	49.700000	4.629916
1399	105.000000	1.812500	0.616912	46.160000	4.235322
1400	105.075000	-0.125000	0.636376	40.210000	4.030200
1401	105.150000	0.687500	0.667676	46.360000	3.090741
1402	105.225000	0.187500	0.667676	42.870000	2.342996
1403	105.300000	0.000000	0.449277	42.180000	2.680231
1404	105.375000	1.250000	0.555871	41.680000	3.644110
1405	105.450000	0.187500	0.564410	46.160000	3.509350
1406	105.525000	0.687500	0.564410	47.970000	3.512047
1407	105.600000	1.625000	0.519394	36.260000	3.524461
1408	105.675000	0.375000	0.481481	40.750000	3.735565
1409	105.750000	0.187500	0.533328	43.040000	4.690969
1410	105.825000	0.375000	0.530029	41.680000	3.904775
1411	105.900000	0.187500	0.231455	46.310000	3.699029
1412	105.975000	-0.187500	0.304358	33.840000	3.775454
1413	106.050000	0.625000	0.302256	38.460000	3.753868
1414	106.125000	0.187500	0.317687	43.280000	4.559460
1415	106.200000	0.812500	0.357812	43.290000	4.279115
1416	106.275000	0.437500	0.362680	42.650000	2.773516
1417	106.350000	0.062500	0.390619	48.710000	2.795015
1418	106.425000	0.812500	0.401488	42.690000	2.863883
1419	106.500000	1.187500	0.394881	42.460000	4.140372
1420	106.575000	1.000000	0.650255	38.370000	4.138556
1421	106.650000	0.125000	0.611851	44.830000	3.131087
1422	106.725000	0.625000	0.644344	34.740000	3.146814
1423	106.800000	2.125000	0.625892	41.380000	3.147737
1424	106.875000	0.312500	0.629828	42.650000	4.147273
1425	106.950000	0.312500	0.659507	38.590000	4.024556
1426	107.025000	0.750000	0.661317	42.470000	3.052876
1427	107.100000	1.062500	0.661317	48.860000	3.432094
1428	107.175000	-0.062500	0.650255	43.250000	3.553129
1429	107.250000	0.562500	0.617558	46.010000	3.494035
1430	107.325000	2.125000	0.648536	38.620000	3.739207
1431	107.400000	1.125000	0.645580	40.320000	3.148964
1432	107.475000	1.125000	0.540603	47.540000	3.215367
1433	107.550000	0.375000	0.528975	39.960000	3.002231
1434	107.625000	0.812500	0.313137	45.020000	2.661535
1435	107.700000	0.625000	0.300669	44.800000	2.247347
1436	107.775000	1.375000	0.444281	42.970000	2.006238
1437	107.850000	0.875000	0.371154	46.160000	2.327347
1438	107.925000	0.937500	0.496480	44.740000	2.439218
1439	108.000000	1.812500	0.510727	46.080000	2.869581
1440	108.075000	1.062500	0.530029	38.930000	2.975422
1441	108.150000	0.125000	0.568351	41.600000	2.827306
1442	108.225000	0.500000	0.613673	47.950000	2.825369
1443	108.300000	0.250000	0.440677	41.660000	2.776292
1444	108.375000	1.375000	0.390823	43.190000	2.138411
1445	108.450000	0.187500	0.419168	44.710000	1.991786
1446	108.525000	0.437500	0.555871	45.690000	2.244494
1447	108.600000	0.437500	0.515234	42.920000	2.206197
1448	108.675000	1.125000	0.479989	42.730000	2.351892
1449	108.750000	1.687500	0.440496	48.840000	3.268809
1450	108.825000	1.062500	0.440496	41.900000	3.300960
1451	108.900000	0.687500	0.411877	41.810000	3.592742
1452	108.975000	1.375000	0.408769	50.510000	3.503458
1453	109.050000	0.437500	0.304096	46.380000	3.257141
1454	109.125000	0.625000	0.356249	40.630000	3.127907
1455	109.200000	1.000000	0.341861	45.190000	2.893104
1456	109.275000	1.125000	0.303309	46.870000	2.165269
1457	109.350000	1.437500	0.303309	47.320000	3.106548
1458	109.425000	0.875000	0.343953	43.450000	2.756815
1459	109.500000	1.000000	0.345341	45.740000	2.736211
1460	109.575000	0.437500	0.404652	51.410000	2.743683
1461	109.650000	1.562500	0.390210	42.230000	2.702384
1462	109.725000	1.187500	0.396292	46.360000	2.559573
1463	109.800000	1.687500	0.440315	45.110000	2.805255
1464	109.875000	1.062500	0.407010	44.860000	2.658269
1465	109.950000	0.812500	0.443023	46.300000	2.361076
1466	110.025000	0.562500	0.443023	42.750000	2.594874
1467	110.100000	0.625000	0.377753	50.910000	2.726404
1468	110.175000	1.750000	0.379228	44.500000	2.726536
1469	110.250000	1.187500	0.369000	42.600000	2.886260
1470	110.325000	1.187500	0.317687	42.920000	3.080231
1471	110.400000	1.125000	0.408964	44.840000	2.161129
1472	110.475000	1.000000	0.515234	47.870000	2.360163
1473	110.550000	1.375000	0.563986	41.410000	2.308697
1474	110.625000	2.250000	0.588880	41.180000	2.496900
1475	110.700000	0.375000	0.780931	46.370000	3.896448
1476	110.775000	0.562500	0.818317	44.630000	3.937548
1477	110.850000	0.625000	0.811076	47.470000	3.686926
1478	110.925000	-0.437500	0.496480	53.370000	4.370703
1479	111.000000	0.062500	0.501592	43.060000	5.512492
1480	111.075000	1.312500	0.506337	43.650000	5.471309
1481	111.150000	0.375000	0.522608	37.910000	5.646335
1482	111.225000	0.625000	0.435216	54.710000	4.921678
1483	111.300000	0.187500	0.911064	47.450000	5.449482
1484	111.375000	0.812500	0.911852	42.630000	6.874849
1485	111.450000	1.125000	1.172536	47.930000	6.587489
1486	111.525000	3.125000	1.171516	38.520000	5.098116
1487	111.600000	0.750000	1.150920	32.820000	5.209362
1488	111.675000	-1.125000	1.178774	46.380000	7.000010
1489	111.750000	0.687500	1.226501	44.620000	6.912308
1490	111.825000	0.562500	0.672316	48.270000	6.493579
1491	111.900000	0.125000	0.954564	56.460000	4.948310
1492	111.975000	-0.375000	0.837098	43.200000	5.008189
1493	112.050000	-0.625000	0.865197	45.180000	5.296022
1494	112.125000	2.000000	1.077291	39.180000	6.955498
1495	112.200000	-0.375000	1.084959	48.370000	5.444519
1496	112.275000	1.000000	1.152651	52.150000	5.454821
1497	112.350000	-1.562500	1.106927	34.510000	8.039783
1498	112.425000	-0.375000	0.877456	46.620000	7.959624
1499	112.500000	1.187500	1.061036	42.850000	8.497663
1500	112.575000	0.500000	1.055839	60.870000	8.866888
1501	112.650000	-0.125000	0.847791	39.830000	7.737741
1502	112.725000	1.875000	1.036945	54.930000	7.478703
1503	112.800000	-0.437500	1.049781	55.720000	6.679870
1504	112.875000	-0.437500	1.100933	59.680000	5.881348
1505	112.950000	2.312500	1.208890	51.840000	5.831880
1506	113.025000	-0.125000	1.106999	48.540000	7.494872
1507	113.100000	-0.437500	1.048414	50.690000	8.445137
1508	113.175000	2.000000	0.990870	67.130000	7.794439
1509	113.250000	0.625000	1.031240	42.130000	7.772323
1510	113.325000	0.250000	1.086354	41.960000	8.054935
1511	113.400000	0.062500	1.142159	49.980000	8.169708
1512	113.475000	-1.687500	0.884424	49.510000	5.439850
1513	113.550000	-0.875000	0.845720	56.510000	5.130881
1514	113.625000	1.187500	0.883454	47.270000	4.930225
1515	113.700000	-0.250000	0.944888	39.730000	5.361740
1516	113.775000	-0.625000	0.986946	48.940000	6.679843
1517	113.850000		1.076017		5.872739
1518	113.925000		1.184618		6.520180
1519	114.000000	1.562500	1.205816	58.170000	4.300147
1520	114.075000	2.187500	0.312500	49.160000	4.505000
1521	114.150000		0.312500		4.505000
1522	114.225000		0.312500		4.505000
1523	114.300000		0.000000		0.000000
1524	114.375000				
1525	114.450000				
1526	114.525000				
1527	114.600000				
1528	114.675000				
1529	114.750000				
1530	114.825000				
1531	114.900000				
1532	114.975000				
1533	115.050000				
1534	115.125000				
1535	115.200000				
1536	115.275000				
1537	115.350000				
1538	115.425000				
1539	115.500000				
1540	115.575000				
1541	115.650000				
1542	115.725000				
1543	115.800000				
1544	115.875000				
1545	115.950000				
1546	116.025000				
1547	116.100000				
1548	116.175000				
1549	116.250000				
1550	116.325000				
1551	116.400000				
1552	116.475000				
1553	116.550000				
1554	116.625000				
1555	116.700000				
1556	116.775000				
1557	116.850000				
1558	116.925000				
1559	117.000000				
1560	117.075000				
1561	117.150000				
1562	117.225000				
1563	117.300000				
1564	117.375000				
1565	117.450000				
1566	117.525000				
1567	117.600000				
1568	117.675000				
1569	117.750000				
1570	117.825000				
1571	117.900000				
1572	117.975000				
1573	118.050000				
1574	118.125000				
1575	118.200000				
1576	118.275000				
1577	118.350000				
1578	118.425000				
1579	118.500000				
1580	118.575000				
1581	118.650000				
1582	118.725000				
1583	118.800000				
1584	118.875000				
1585	118.950000				
1586	119.025000				
1587	119.100000				
1588	119.175000				
1589	119.250000				
1590	119.325000				
1591	119.400000				
1592	119.475000				
1593	119.550000				
1594	119.625000				
1595	119.700000				
1596	119.775000				
1597	119.850000				
1598	119.925000				
1599	120.000000				
1600	120.075000				
1601	120.150000				
1602	120.225000				
1603	120.300000				
1604	120.375000				
1605	120.450000				
1606	120.525000				
1607	120.600000				
1608	120.675000				
1609	120.750000				
1610	120.825000				
1611	120.900000				
1612	120.975000				
1613	121.050000				
1614	121.125000				
1615	121.200000				
1616	121.275000				
1617	121.350000				
1618	121.425000				
1619	121.500000				
1620	121.575000				
1621	121.650000				
1622	121.725000				
1623	121.800000				
1624	121.875000				
1625	121.950000				
1626	122.025000				
1627	122.100000				
1628	122.175000				
1629	122.250000				
1630	122.325000				
1631	122.400000				
1632	122.475000				
1633	122.550000				
1634	122.625000				
1635	122.700000				
1636	122.775000				
1637	122.850000				
1638	122.925000				
1639	123.000000		0.000000		0.000000
1640	123.075000		1.562500		10.265000
1641	123.150000		1.697373		9.670871
1642	123.225000	1.750000	1.543003	37.300000	8.881579
1643	123.300000	4.875000	1.543003	16.770000	8.881579
1644	123.375000	0.937500	1.543003	37.270000	8.881579
1645	123.450000	1.437500	1.543003	23.620000	8.881579
1646	123.525000		1.750248		8.521183
1647	123.600000		0.250000		6.825000
1648	123.675000		0.000000		0.000000
1649	123.750000				
1650	123.825000				
1651	123.900000				
1652	123.975000				
1653	124.050000				
1654	124.125000				
1655	124.200000				
1656	124.275000				
1657	124.350000				
1658	124.425000				
1659	124.500000				
1660	124.575000				
1661	124.650000				
1662	124.725000				
1663	124.800000				
1664	124.875000				
1665	124.950000				
1666	125.025000				
1667	125.100000				
1668	125.175000				
1669	125.250000				
1670	125.325000				
1671	125.400000				
1672	125.475000				
1673	125.550000				
1674	125.625000				
1675	125.700000				
1676	125.775000				
1677	125.850000				
1678	125.925000				
1679	126.000000				
1680	126.075000				
1681	126.150000				
1682	126.225000				
1683	126.300000				
1684	126.375000				
1685	126.450000				
1686	126.525000				
1687	126.600000				
1688	126.675000				
1689	126.750000				
1690	126.825000				
1691	126.900000		0.000000		0.000000
1692	126.975000		0.281250		4.595000
1693	127.050000		0.385276		3.755124
1694	127.125000	1.250000	0.385276	38.580000	3.755124
1695	127.200000	1.812500	0.385276	47.770000	3.755124
1696	127.275000	2.187500	0.385276	42.840000	3.755124
1697	127.350000		0.385276		3.755124
1698	127.425000		0.187500		2.465000
1699	127.500000		0.000000		0.000000
1700	127.575000				
1701	127.650000				
1702	127.725000				
1703	127.800000				
1704	127.875000				
1705	127.950000				
1706	128.025000				
1707	128.100000				
1708	128.175000				
1709	128.250000				
1710	128.325000				
1711	128.400000				
1712	128.475000				
1713	128.550000				
1714	128.625000				
1715	128.700000		0.000000		0.000000
1716	128.775000		1.843750		6.945000
1717	128.850000		1.843750		6.945000
1718	128.925000	2.125000	1.644910	57.430000	7.451534
1719	129.000000	-1.562500	1.474060	43.540000	6.486989
1720	129.075000		1.367365		8.391225
1721	129.150000	1.687500	1.305371	40.230000	7.683163
1722	129.225000	1.625000	1.279555	45.540000	6.987142
1723	129.300000	1.875000	0.862007	61.840000	6.802379
1724	129.375000	0.125000	1.598588	48.120000	7.939265
1725	129.450000	-0.437500	1.598339	43.590000	8.557160
1726	129.525000	1.000000	1.725523	47.270000	9.095152
1727	129.600000	4.937500	1.880243	61.580000	8.063043
1728	129.675000	1.375000	1.977658	36.960000	9.008177
1729	129.750000		1.774384		10.095195
1730	129.825000		1.781250		12.310000
1731	129.900000		0.000000		0.000000
1732	129.975000				
1733	130.050000				
1734	130.125000				
1735	130.200000				
1736	130.275000				
1737	130.350000				
1738	130.425000				
1739	130.500000				
1740	130.575000				
1741	130.650000				
1742	130.725000				
1743	130.800000				
1744	130.875000				
1745	130.950000				
1746	131.025000				
1747	131.100000				
1748	131.175000				
1749	131.250000				
1750	131.325000		0.000000		0.000000
1751	131.400000		1.218750		0.085000
1752	131.475000		1.218750		0.085000
1753	131.550000	-1.000000	1.218750	34.790000	0.085000
1754	131.625000	1.437500	1.218750	34.960000	0.085000
1755	131.700000		1.218750		0.085000
1756	131.775000		1.218750		0.085000
1757	131.850000		0.000000		0.000000
1758	131.925000				
1759	132.000000				
1760	132.075000				
1761	132.150000				
1762	132.225000				
1763	132.300000		0.000000		0.000000
1764	132.375000		1.375000		2.250000
1765	132.450000		1.375000		2.250000
1766	132.525000	1.812500	1.375000	52.590000	2.250000
1767	132.600000	-0.937500	1.375000	57.090000	2.250000
1768	132.675000		1.375000		2.250000
1769	132.750000		1.375000		2.250000
1770	132.825000		0.000000		0.000000
1771	132.900000				
1772	132.975000				
1773	133.050000				
1774	133.125000				
1775	133.200000				
1776	133.275000				
1777	133.350000				
1778	133.425000				
1779	133.500000				
1780	133.575000				
1781	133.650000				
1782	133.725000				
1783	133.800000				
1784	133.875000				
1785	133.950000				
1786	134.025000				
1787	134.100000				
1788	134.175000				
1789	134.250000				
1790	134.325000				
1791	134.400000				
1792	134.475000				
1793	134.550000				
1794	134.625000				
1795	134.700000				
1796	134.775000				
1797	134.850000				
1798	134.925000				
1799	135.000000				
1800	135.075000				
1801	135.150000				
1802	135.225000				
1803	135.300000				
1804	135.375000				
1805	135.450000				
1806	135.525000				
1807	135.600000				
1808	135.675000				
1809	135.750000				
1810	135.825000				
1811	135.900000				
1812	135.975000				
1813	136.050000				
1814	136.125000				
1815	136.200000				
1816	136.275000				
1817	136.350000				
1818	136.425000				
1819	136.500000				
1820	136.575000				
1821	136.650000				
1822	136.725000		0.000000		0.000000
1823	136.800000		0.125000		9.415000
1824	136.875000		0.453574		15.114105
1825	136.950000	0.812500	0.453574	55.470000	15.114105
1826	137.025000	0.562500	0.453574	36.640000	15.114105
1827	137.100000	1.625000	0.453574	73.660000	15.114105
1828	137.175000		0.453574		15.114105
1829	137.250000		0.531250		18.510000
1830	137.325000		0.000000		0.000000
1831	137.400000				
1832	137.475000				
1833	137.550000				
1834	137.625000				
1835	137.700000		0.000000		0.000000
1836	137.775000		1.031250		13.195000
1837	137.850000		0.987333		11.682811
1838	137.925000	3.312500	0.886641	44.010000	11.470364
1839	138.000000	1.250000	0.861866	17.620000	11.190104
1840	138.075000	1.187500	0.809624	40.400000	12.183324
1841	138.150000	1.375000	0.800391	46.490000	12.344435
1842	138.225000	2.625000	0.621162	48.300000	12.892828
1843	138.300000	1.437500	0.728869	57.180000	9.845617
1844	138.375000	1.062500	1.041241	28.000000	10.297186
1845	138.450000	0.375000	1.065609	28.180000	10.394334
1846	138.525000	0.250000	0.874362	42.330000	10.208961
1847	138.600000	-0.937500	0.818609	50.470000	9.625206
1848	138.675000	-0.062500	0.856212	48.160000	8.115739
1849	138.750000	1.812500	0.856212	44.330000	3.861415
1850	138.825000	0.937500	0.982467	54.110000	2.964108
1851	138.900000	1.375000	0.778375	52.130000	3.051894
1852	138.975000	0.375000	0.641243	47.980000	3.013510
1853	139.050000	2.000000	0.632985	48.180000	2.625430
1854	139.125000	2.125000	0.592389	51.610000	2.368711
1855	139.200000	2.250000	0.586710	50.460000	3.618120
1856	139.275000	1.437500	0.416497	45.920000	3.606656
1857	139.350000	1.750000	0.780216	45.930000	3.569347
1858	139.425000	1.812500	1.195629	57.030000	3.902793
1859	139.500000	0.937500	1.167699	48.170000	3.874664
1860	139.575000	3.625000	1.185585	49.070000	3.812417
1861	139.650000	-0.625000	1.293626	44.420000	3.635827
1862	139.725000	1.687500	1.295105	49.960000	2.130733
1863	139.800000	0.937500	1.398823	46.610000	2.278475
1864	139.875000	-0.125000	0.809128	49.340000	2.342588
1865	139.950000	0.312500	0.682331	44.470000	2.200801
