bin	dis	ZDR	SD_ZDR	PHIDP	SD_PHIDP
0	0.075000				
1	0.150000				
2	0.225000				
3	0.300000				
4	0.375000				
5	0.450000				
6	0.525000				
7	0.600000				
8	0.675000				
9	0.750000				
10	0.825000		0.000000		0.000000
11	0.900000		1.000000		10.260000
12	0.975000		1.684282		23.369692
13	1.050000	1.000000	1.481906	29.130000	20.397015
14	1.125000	-1.000000	1.336156	8.610000	18.244583
15	1.200000	3.125000	1.222617	65.150000	16.742184
16	1.275000	0.437500	1.142229	28.440000	15.617845
17	1.350000	1.312500	1.141112	32.370000	15.597327
18	1.425000	0.750000	0.878637	28.160000	12.602704
19	1.500000	0.500000	0.289043	26.510000	1.839252
20	1.575000	0.875000	0.456144	30.780000	1.931475
21	1.650000	0.562500	0.390210	30.850000	1.578421
22	1.725000	1.000000	0.398698	29.900000	1.674420
23	1.800000	-0.250000	0.396292	27.620000	1.818569
24	1.875000	0.875000	0.505234	30.170000	2.189925
25	1.950000	0.875000	0.516161	31.270000	2.269863
26	2.025000	0.750000	1.116250	34.220000	2.182461
27	2.100000	1.562500	1.082532	34.160000	1.502716
28	2.175000	1.187500	1.080173	32.970000	1.466229
29	2.250000	-2.000000	1.077734	31.300000	1.418499
30	2.325000	0.687500	1.100281	30.970000	1.189207
31	2.400000	0.812500	1.031163	30.370000	0.816943
32	2.475000	0.812500	0.995366	32.280000	0.744953
33	2.550000	1.187500	0.255363	32.100000	0.763258
34	2.625000	0.250000	0.260310	31.310000	0.876566
35	2.700000	0.750000	0.276930	30.130000	1.148003
36	2.775000	0.812500	0.281498	31.680000	1.559000
37	2.850000	0.937500	0.240243	32.590000	1.906264
38	2.925000	1.062500	0.139469	29.190000	1.942405
39	3.000000	0.687500	0.137163	34.380000	1.900698
40	3.075000	0.625000	0.140607	34.730000	1.922672
41	3.150000	0.875000	0.197239	30.780000	1.923564
42	3.225000	0.875000	0.175872	30.470000	1.543629
43	3.300000	0.937500	0.198849	32.920000	1.737155
44	3.375000	0.437500	0.198849	31.540000	1.242739
45	3.450000	0.937500	0.198849	32.450000	1.280599
46	3.525000	1.062500	0.203211	28.960000	1.245550
47	3.600000	0.625000	0.198849	31.910000	1.197064
48	3.675000	0.750000	0.132432	32.440000	1.435497
49	3.750000	0.937500	0.161703	30.810000	1.375998
50	3.825000	0.875000	0.125000	30.130000	1.556330
51	3.900000	0.812500	0.119789	33.420000	1.823114
52	3.975000	0.562500	0.124361	31.360000	1.823932
53	4.050000	0.687500	0.152048	35.100000	1.659963
54	4.125000	0.875000	0.178124	34.940000	1.195727
55	4.200000	0.687500	0.219069	32.870000	1.195703
56	4.275000	1.062500	0.196834	32.990000	0.901185
57	4.350000	1.062500	0.210911	33.030000	0.929992
58	4.425000	1.187500	0.372654	33.350000	0.959713
59	4.500000	0.687500	0.340458	33.010000	0.961616
60	4.575000	1.250000	0.339755	35.220000	0.975146
61	4.650000	1.875000	0.380906	31.740000	1.404327
62	4.725000	0.937500	0.408378	32.830000	1.431417
63	4.800000	1.250000	0.380068	32.690000	1.444802
64	4.875000	0.687500	0.388778	36.030000	1.247590
65	4.950000	0.687500	0.197239	32.760000	1.178593
66	5.025000	1.125000	0.197239	32.770000	1.173382
67	5.100000	0.812500	0.140607	33.200000	1.165623
68	5.175000	0.875000	0.133033	32.230000	1.489999
69	5.250000	0.875000	0.126899	32.960000	1.510372
70	5.325000	0.750000	0.080852	33.830000	1.520070
71	5.400000	0.750000	0.110801	28.900000	1.440762
72	5.475000	1.000000	0.172670	31.480000	1.494865
73	5.550000	0.812500	0.196834	31.270000	1.573884
74	5.625000	0.625000	0.204384	32.100000	1.492255
75	5.700000	1.187500	0.220158	32.990000	1.347048
76	5.775000	1.125000	0.215769	33.610000	1.356003
77	5.850000	0.687500	0.221601	30.180000	1.325560
78	5.925000	0.625000	0.221601	34.360000	1.315161
79	6.000000	0.750000	0.199649	31.380000	1.330895
80	6.075000	0.687500	0.199649	33.270000	1.241207
81	6.150000	1.062500	0.188982	32.390000	1.071604
82	6.225000	1.062500	0.169408	31.790000	0.894934
83	6.300000	1.125000	0.185147	32.070000	1.012604
84	6.375000	0.812500	0.185147	31.000000	0.905798
85	6.450000	0.750000	0.188560	33.660000	0.919192
86	6.525000	1.187500	0.237909	30.690000	0.920710
87	6.600000	1.312500	0.240575	32.270000	1.183299
88	6.675000	0.937500	0.302256	31.260000	1.166985
89	6.750000	1.437500	0.233854	31.980000	0.815125
90	6.825000	1.187500	0.228334	29.670000	1.250518
91	6.900000	1.750000	0.228683	31.770000	1.258807
92	6.975000	1.375000	0.261837	31.250000	1.243599
93	7.050000	1.312500	0.321924	34.160000	1.270231
94	7.125000	1.375000	0.486095	32.400000	1.728201
95	7.200000	0.812500	0.525801	31.620000	1.665205
96	7.275000	0.750000	0.615748	32.570000	1.549419
97	7.350000	0.187500	0.595744	36.550000	1.531740
98	7.425000	0.000000	0.533926	33.060000	1.490511
99	7.500000	-0.375000	0.545740	34.640000	1.234547
100	7.575000	1.187500	0.582209	33.310000	1.161303
101	7.650000	1.000000	0.565398	34.320000	0.660015
102	7.725000	0.937500	0.533477	33.500000	0.636659
103	7.800000	1.125000	0.171745	33.080000	0.908039
104	7.875000	0.875000	0.179906	32.680000	0.944001
105	7.950000	1.375000	0.185147	33.410000	1.125709
106	8.025000	0.875000	0.186006	35.620000	1.371484
107	8.100000	0.812500	0.182545	32.900000	1.370729
108	8.175000	0.875000	0.217608	31.610000	1.575089
109	8.250000	1.062500	0.129387	30.960000	1.925271
110	8.325000	0.875000	0.312372	32.690000	1.826076
111	8.400000	0.625000	0.318188	35.090000	1.810349
112	8.475000	1.000000	0.318188	36.320000	1.755411
113	8.550000	1.687500	0.325128	34.850000	1.381256
114	8.625000	0.750000	0.333838	33.520000	1.165945
115	8.700000	1.125000	0.290967	35.820000	1.390837
116	8.775000	0.812500	0.290967	36.840000	1.367536
117	8.850000	1.250000	0.179017	37.110000	1.354124
118	8.925000	1.000000	0.182545	33.480000	1.123533
119	9.000000	1.000000	0.182545	36.030000	1.145069
120	9.075000	0.750000	0.253798	35.180000	1.100083
121	9.150000	1.250000	0.293151	36.270000	1.495588
122	9.225000	1.125000	0.299606	36.450000	1.291498
123	9.300000	1.625000	0.346953	36.350000	1.390842
124	9.375000	1.562500	0.269341	38.880000	1.480028
125	9.450000	0.937500	0.325373	38.680000	1.847663
126	9.525000	1.750000	0.294508	35.220000	2.668765
127	9.600000	1.375000	0.351518	39.280000	2.447937
128	9.675000	1.937500	0.355128	40.860000	2.466147
129	9.750000	1.437500	0.349927	43.990000	3.375079
130	9.825000	2.062500	0.455445	40.260000	2.548415
131	9.900000	1.437500	0.490828	40.910000	2.216076
132	9.975000	2.375000	0.511507	46.820000	2.114526
133	10.050000	0.937500	0.500797	44.520000	2.162898
134	10.125000	2.312500	0.537349	42.540000	1.788325
135	10.200000	1.312500	0.537349	44.500000	1.348994
136	10.275000	1.687500	0.429129	44.750000	1.162220
137	10.350000	1.000000	0.381951	42.610000	1.760566
138	10.425000	1.437500	0.224105	43.880000	1.603797
139	10.500000	1.375000	0.424835	46.100000	2.018541
140	10.575000	1.687500	0.430428	47.870000	2.331840
141	10.650000	1.562500	0.391638	46.180000	1.774493
142	10.725000	2.500000	0.365090	48.810000	1.459407
143	10.800000	1.812500	0.436679	49.440000	1.444098
144	10.875000	2.250000	0.444998	46.050000	1.642889
145	10.950000	2.000000	0.440315	49.440000	1.449442
146	11.025000	1.062500	0.382160	49.730000	1.474540
147	11.100000	1.562500	0.389597	50.550000	1.496180
148	11.175000	1.625000	0.418597	50.760000	2.656312
149	11.250000	2.187500	0.384862	50.260000	2.584246
150	11.325000	1.562500	0.337164	48.740000	2.842217
151	11.400000	0.937500	0.462738	57.280000	2.964343
152	11.475000	1.687500	0.458585	50.930000	3.140905
153	11.550000	1.562500	0.379018	55.200000	3.018746
154	11.625000	0.687500	0.376485	55.110000	2.551325
155	11.700000	1.375000	0.472287	49.250000	2.038989
156	11.775000	0.812500	0.417834	52.500000	1.941081
157	11.850000	0.812500	0.325128	53.880000	2.071050
158	11.925000	0.312500	0.328785	51.940000	2.000949
159	12.000000	0.500000	0.233512	53.990000	1.868504
160	12.075000	1.062500	0.228683	55.960000	1.706272
161	12.150000	0.625000	0.267261	54.490000	1.675380
162	12.225000	0.500000	0.247436	57.850000	1.245893
163	12.300000	0.750000	0.302519	54.880000	1.216534
164	12.375000	0.187500	0.354904	54.550000	1.661471
165	12.450000	0.562500	0.364216	54.310000	1.640148
166	12.525000	1.125000	0.349471	56.450000	1.542362
167	12.600000	1.312500	0.354904	58.700000	1.763714
168	12.675000	1.000000	0.273162	57.570000	1.727624
169	12.750000	0.687500	0.248721	55.300000	1.280395
170	12.825000	0.625000	0.294508	58.900000	1.359706
171	12.900000	0.625000	0.273162	58.960000	1.308693
172	12.975000	0.812500	0.231455	58.030000	1.510671
173	13.050000	0.312500	0.404258	55.950000	1.188561
174	13.125000	0.125000	0.408964	58.120000	1.166677
175	13.200000	0.750000	0.425772	59.700000	1.650677
176	13.275000	1.500000	0.569892	56.950000	2.183194
177	13.350000	0.875000	0.541781	57.260000	2.075922
178	13.425000	0.375000	0.441220	54.090000	2.159705
179	13.500000	1.750000	0.417834	61.220000	2.502479
180	13.575000	1.187500	0.407010	57.710000	2.532231
181	13.650000	1.375000	0.419548	59.550000	2.659363
182	13.725000	1.312500	0.253798	61.880000	1.790257
183	13.800000	1.375000	0.276930	60.620000	1.932221
184	13.875000	1.687500	0.288215	62.190000	1.554711
185	13.950000	1.937500	0.283192	63.670000	2.028060
186	14.025000	1.062500	0.272870	58.840000	2.472713
187	14.100000	1.812500	0.268155	62.080000	2.396550
188	14.175000	1.500000	0.395083	65.770000	3.011366
189	14.250000	1.437500	0.357812	66.250000	3.012635
190	14.325000	1.437500	0.446964	61.320000	2.315962
191	14.400000	0.687500	0.368134	68.260000	2.132051
192	14.475000	0.937500	0.330478	63.490000	2.110047
193	14.550000	0.500000	0.339051	63.100000	1.963189
194	14.625000	1.000000	0.229031	64.280000	1.827773
195	14.700000	0.812500	0.275487	63.460000	1.232163
196	14.775000	0.312500	0.253798	64.480000	1.270398
197	14.850000	0.562500	0.274327	66.960000	1.231200
198	14.925000	0.250000	0.188137	63.380000	1.261266
199	15.000000	0.375000	0.122422	65.460000	1.081148
200	15.075000	0.250000	0.122422	65.960000	1.050887
201	15.150000	0.375000	0.099424	65.980000	0.998609
202	15.225000	0.562500	0.213540	64.920000	0.936077
203	15.300000	0.312500	0.230765	64.810000	1.050965
204	15.375000	0.312500	0.237909	63.460000	1.681143
205	15.450000	-0.187500	0.228334	66.500000	1.685467
206	15.525000	0.000000	0.163176	66.650000	1.642991
207	15.600000	0.062500	0.139469	69.180000	1.598255
208	15.675000	0.125000	0.099424	65.570000	1.117068
209	15.750000	0.062500	0.080852	66.300000	1.094368
210	15.825000	0.125000	0.125000	67.260000	1.598988
211	15.900000	0.000000	0.132432	68.020000	1.497926
212	15.975000	0.250000	0.155675	66.990000	1.356028
213	16.050000	-0.187500	0.155675	70.600000	1.340008
214	16.125000	0.187500	0.256609	68.100000	1.382466
215	16.200000	0.312500	0.245170	69.300000	1.317355
216	16.275000	0.062500	0.255363	70.370000	1.007610
217	16.350000	0.687500	0.212417	70.800000	1.122866
218	16.425000	0.187500	0.251906	68.760000	1.158564
219	16.500000	0.000000	0.319438	68.550000	1.178494
220	16.575000	0.375000	0.319438	67.400000	1.100805
221	16.650000	-0.125000	0.298807	67.830000	0.911823
222	16.725000	-0.375000	0.281215	69.660000	1.029686
223	16.800000	0.062500	0.290693	69.790000	1.321082
224	16.875000	-0.562500	0.264864	69.870000	1.191120
225	16.950000	-0.062500	0.262749	67.480000	1.175755
226	17.025000	0.125000	0.256609	71.040000	1.668562
227	17.100000	-0.562500	0.235890	68.350000	1.686407
228	17.175000	-0.187500	0.191080	70.800000	1.767377
229	17.250000	-0.125000	0.205551	66.170000	1.909053
230	17.325000	-0.187500	0.242555	67.860000	1.832872
231	17.400000	-0.187500	0.210911	70.580000	1.902460
232	17.475000	0.062500	0.216506	66.490000	1.462296
233	17.550000	-0.687500	0.240575	66.190000	1.432221
234	17.625000	-0.250000	0.301463	66.520000	1.436916
235	17.700000	-0.375000	0.311350	67.680000	1.401926
236	17.775000	0.062500	0.282346	68.650000	1.428840
237	17.850000	-0.750000	0.272870	67.310000	1.420129
238	17.925000	-0.062500	0.361138	63.820000	1.450534
239	18.000000	-0.500000	0.374149	65.880000	1.547625
240	18.075000	-0.625000	0.349927	66.590000	1.446372
241	18.150000	0.312500	0.318438	65.800000	1.394606
242	18.225000	-0.562500	0.311350	64.300000	2.399925
243	18.300000	-0.562500	0.322913	68.210000	2.373220
244	18.375000	-0.375000	0.322913	64.680000	3.075251
245	18.450000	-0.125000	0.202818	71.870000	3.249558
246	18.525000	-0.625000	0.215028	66.780000	3.384500
247	18.600000	-0.625000	0.216138	61.340000	3.390151
248	18.675000	-0.812500	0.242883	63.170000	3.444793
249	18.750000	-0.312500	0.291241	62.810000	2.260284
250	18.825000	-0.375000	0.297738	68.260000	2.064969
251	18.900000	-0.812500	0.289043	63.680000	1.771226
252	18.975000	0.062500	0.346263	65.570000	1.865581
253	19.050000	-0.250000	0.355801	64.420000	2.134709
254	19.125000	-0.375000	0.357812	65.980000	2.028890
255	19.200000	-1.062500	0.340224	67.690000	1.833683
256	19.275000	-0.187500	0.351745	70.240000	2.284638
257	19.350000	-0.562500	0.354904	65.640000	2.165355
258	19.425000	-0.125000	0.367050	68.110000	2.252193
259	19.500000	0.125000	0.197642	62.860000	2.247957
260	19.575000	-0.187500	0.216138	65.700000	1.815457
261	19.650000	-0.062500	0.168464	68.620000	1.818649
262	19.725000	-0.312500	0.168464	67.590000	1.851481
263	19.800000	-0.437500	0.139469	66.910000	0.933923
264	19.875000	-0.250000	0.193978	67.670000	0.618497
265	19.950000	-0.125000	0.191497	68.400000	0.540684
266	20.025000	0.000000	0.187287	68.180000	0.910364
267	20.100000	0.187500	0.133631	66.990000	0.801381
268	20.175000	-0.187500	0.162686	68.130000	0.776943
269	20.250000	0.000000	0.163663	69.810000	1.036958
270	20.325000	-0.062500	0.163663	68.560000	1.051834
271	20.400000	-0.375000	0.193978	67.970000	0.903402
272	20.475000	0.000000	0.185577	70.240000	1.009767
273	20.550000	0.000000	0.209774	67.950000	0.866164
274	20.625000	0.312500	0.276353	67.870000	0.882411
275	20.700000	-0.062500	0.244193	67.310000	0.946191
276	20.775000	0.250000	0.247436	68.490000	0.812060
277	20.850000	-0.500000	0.274907	68.850000	1.926669
278	20.925000	-0.062500	0.223749	69.540000	1.913967
279	21.000000	-0.125000	0.228334	67.030000	1.849814
280	21.075000	-0.375000	0.188137	73.180000	1.841641
281	21.150000	-0.187500	0.132432	68.050000	1.902840
282	21.225000	0.000000	0.215769	67.940000	2.038583
283	21.300000	0.062500	0.213540	69.450000	1.950292
284	21.375000	-0.062500	0.168464	70.610000	1.407041
285	21.450000	0.375000	0.140607	67.280000	1.351324
286	21.525000	0.000000	0.147254	71.100000	1.184175
287	21.600000	0.187500	0.149404	70.480000	1.407032
288	21.675000	0.000000	0.149404	70.360000	1.407477
289	21.750000	-0.062500	0.091054	69.330000	0.785163
290	21.825000	0.000000	0.145072	72.070000	0.764567
291	21.900000	-0.062500	0.148333	70.620000	1.225814
292	21.975000	-0.125000	0.179906	70.130000	1.385129
293	22.050000	0.312500	0.181230	70.180000	1.380915
294	22.125000	-0.187500	0.210533	67.710000	1.046237
295	22.200000	-0.312500	0.238244	68.130000	0.963664
296	22.275000	0.000000	0.264864	70.170000	0.933685
297	22.350000	-0.375000	0.155675	69.640000	1.453122
298	22.425000	-0.437500	0.185147	69.890000	1.423494
299	22.500000	-0.500000	0.202425	68.790000	1.398293
300	22.575000	-0.250000	0.163176	65.680000	1.345605
301	22.650000	0.000000	0.213540	69.280000	1.273193
302	22.725000	-0.500000	0.221241	68.750000	1.448694
303	22.800000	-0.312500	0.210533	67.640000	1.523630
304	22.875000	0.062500	0.285156	68.720000	1.031795
305	22.950000	0.000000	0.266065	70.780000	1.433302
306	23.025000	-0.437500	0.254112	69.860000	1.458532
307	23.100000	-0.750000	0.282346	70.560000	1.390482
308	23.175000	-0.187500	0.239579	66.540000	1.556924
309	23.250000	-0.312500	0.274327	68.200000	1.389516
310	23.325000	-0.625000	0.282346	68.350000	1.524982
311	23.400000	-0.250000	0.266065	67.020000	1.368712
312	23.475000	-1.000000	0.253169	69.660000	1.166428
313	23.550000	-0.312500	0.247436	70.710000	1.252949
314	23.625000	-0.312500	0.239579	69.370000	1.173915
315	23.700000	-0.312500	0.233171	70.030000	0.598232
316	23.775000	-0.437500	0.126899	70.830000	0.590057
317	23.850000	-0.500000	0.126899	69.670000	0.561343
318	23.925000	-0.312500	0.169878	69.140000	0.543714
319	24.000000	-0.062500	0.193978	69.860000	1.102554
320	24.075000	-0.312500	0.174964	69.090000	1.243647
321	24.150000	0.000000	0.124361	69.740000	1.272386
322	24.225000	0.000000	0.105644	72.480000	1.151563
323	24.300000	-0.187500	0.105644	71.840000	1.127037
324	24.375000	-0.187500	0.122422	71.390000	1.415947
325	24.450000	-0.125000	0.147254	70.350000	1.404154
326	24.525000	-0.062500	0.166560	70.140000	1.426862
327	24.600000	-0.375000	0.163176	74.090000	1.427720
328	24.675000	0.125000	0.163176	73.620000	1.727052
329	24.750000	0.125000	0.163176	70.980000	1.700300
330	24.825000	-0.125000	0.171745	71.600000	1.722324
331	24.900000	-0.187500	0.163176	68.990000	1.735108
332	24.975000	-0.125000	0.163176	70.710000	1.750860
333	25.050000	-0.250000	0.155675	73.380000	1.715599
334	25.125000	0.187500	0.155675	74.160000	1.717454
335	25.200000	0.125000	0.149404	73.730000	1.348475
336	25.275000	-0.187500	0.162686	71.600000	1.060266
337	25.350000	-0.125000	0.148333	71.550000	1.505218
338	25.425000	-0.062500	0.196834	74.320000	1.401626
339	25.500000	-0.250000	0.237909	72.730000	1.569893
340	25.575000	0.000000	0.280931	69.940000	1.833590
341	25.650000	0.375000	0.298273	73.290000	1.713154
342	25.725000	0.375000	0.312882	74.750000	1.778963
343	25.800000	-0.437500	0.308779	75.710000	1.857336
344	25.875000	-0.312500	0.309552	73.840000	1.214313
345	25.950000	-0.312500	0.245170	75.040000	1.356919
346	26.025000	-0.187500	0.155675	71.920000	1.886391
347	26.100000	-0.187500	0.144522	73.040000	1.779944
348	26.175000	-0.062500	0.191912	75.940000	2.279611
349	26.250000	-0.562500	0.220881	70.470000	2.107879
350	26.325000	-0.250000	0.305665	71.870000	2.277317
351	26.400000	-0.625000	0.329753	68.900000	2.243963
352	26.475000	-0.625000	0.395889	73.740000	2.309217
353	26.550000	0.250000	0.366615	69.830000	2.589424
354	26.625000	0.062500	0.415155	71.220000	2.581981
355	26.700000	0.375000	0.392045	76.180000	2.147050
356	26.775000	-0.125000	0.404849	75.620000	2.151972
357	26.850000	-0.687500	0.397898	73.020000	1.848217
358	26.925000	0.187500	0.393060	74.780000	1.622563
359	27.000000	-0.687500	0.347871	72.930000	1.533378
360	27.075000	0.187500	0.363997	71.290000	1.392458
361	27.150000	-0.187500	0.353328	75.050000	1.423895
362	27.225000	0.062500	0.411684	75.640000	2.094911
363	27.300000	-0.500000	0.986435	73.790000	2.500988
364	27.375000	-0.625000	1.235115	72.680000	3.565130
365	27.450000	-1.062500	1.267228	78.120000	93.286064
366	27.525000	-2.937500	1.322032	78.610000	93.542959
367	27.600000	1.500000	1.352848	67.180000	93.355265
368	27.675000	0.312500	1.368433	340.730000	93.616834
369	27.750000	0.687500	1.359666	71.290000	93.754225
370	27.825000	-1.187500	0.954146	77.150000	93.482359
371	27.900000	-1.062500	0.766714	68.540000	94.885579
372	27.975000	-0.875000	0.756667	75.520000	10.135877
373	28.050000	0.500000	0.694709	84.520000	10.217481
374	28.125000	0.437500	0.625637	49.560000	9.921444
375	28.200000	-0.687500	0.565680	67.300000	9.935570
376	28.275000	0.312500	0.423143	66.650000	9.677970
377	28.350000	0.187500	0.412457	73.480000	7.706696
378	28.425000	0.687500	0.518626	71.300000	2.476795
379	28.500000	-0.062500	0.445535	70.770000	3.816277
380	28.575000	0.375000	0.459800	73.180000	4.149621
381	28.650000	-0.812500	0.488386	71.590000	4.768107
382	28.725000	0.375000	0.554722	62.010000	4.765854
383	28.800000	-0.250000	0.709246	76.360000	4.745659
384	28.875000	-0.437500	0.613673	78.070000	4.908360
385	28.950000	-1.250000	0.955733	71.440000	5.360597
386	29.025000	-1.625000	0.984656	72.580000	4.279813
387	29.100000	-0.437500	0.987324	68.240000	5.567657
388	29.175000	1.500000	0.994805	65.290000	5.051409
389	29.250000	0.625000	1.105413	68.170000	10.327070
390	29.325000	-0.062500	1.086501	82.310000	14.760765
391	29.400000	-0.625000	1.089725	70.600000	14.825586
392	29.475000	1.687500	1.262754	96.940000	15.295844
393	29.550000	2.437500	1.423036	45.000000	15.045549
394	29.625000	2.312500	1.423036	76.440000	16.055449
395	29.700000	-0.812500	1.340832	86.620000	16.020763
396	29.775000	-1.062500	1.426393	78.410000	13.203609
397	29.850000	-0.062500	1.166264	58.330000	8.855968
398	29.925000	0.937500	0.660352	73.390000	9.051104
399	30.000000	-1.125000	0.674565	78.050000	8.547713
400	30.075000	-0.500000	0.591446	63.840000	8.125587
401	30.150000	-0.312500	0.592927	66.810000	7.078948
402	30.225000	0.250000	0.537052	84.310000	7.044379
403	30.300000	-0.125000	0.463770	71.570000	6.528349
404	30.375000	0.000000	0.474644	63.770000	6.016290
405	30.450000	-1.312500	0.783377	71.470000	5.980429
406	30.525000	-0.500000	0.776221	68.580000	4.620611
407	30.600000	0.000000	0.798895	71.260000	5.009667
408	30.675000	1.500000	0.831748	76.480000	3.581148
409	30.750000	-0.187500	0.677278	79.030000	4.213212
410	30.825000	-0.625000	0.791879	77.300000	3.818490
411	30.900000	0.500000	1.081205	71.820000	3.765010
412	30.975000	-0.250000	0.955149	67.220000	6.858180
413	31.050000	-1.187500	1.160852	75.230000	6.292965
414	31.125000	2.062500	1.160852	77.210000	5.749692
415	31.200000	0.062500	1.127407	58.150000	5.702583
416	31.275000	-1.812500	1.128467	70.010000	6.183496
417	31.350000	-0.625000	1.145644	69.080000	6.888922
418	31.425000	-0.250000	0.778784	70.510000	7.176567
419	31.500000	-0.437500	0.763066	77.420000	4.348550
420	31.575000	1.000000	0.530029	80.330000	4.295947
421	31.650000	-0.187500	0.510414	79.440000	3.685029
422	31.725000	-0.437500	0.796897	74.500000	3.110975
423	31.800000	-0.687500	0.948868	70.380000	3.161220
424	31.875000	-0.375000	0.840330	76.140000	3.387979
425	31.950000	1.562500	1.072395	74.800000	5.220804
426	32.025000	-1.437500	1.142648	78.120000	8.058491
427	32.100000	-0.312500	1.150989	69.660000	8.990768
428	32.175000	-2.187500	1.191688	86.550000	9.052975
429	32.250000	0.562500	0.954731	58.340000	9.151640
430	32.325000	-0.875000	0.921591	85.870000	9.168045
431	32.400000	0.437500	0.930030	78.640000	9.237561
432	32.475000	0.187500	0.462221	72.120000	9.705231
433	32.550000	0.437500	0.451754	71.880000	11.798206
434	32.625000	0.125000	0.713281	82.300000	10.509936
435	32.700000	0.500000	0.687674	60.400000	10.200710
436	32.775000	-0.187500	0.738647	49.670000	10.164081
437	32.850000	-1.687500	0.802380	75.820000	12.367622
438	32.925000	-0.125000	1.683030	75.520000	12.099325
439	33.000000	0.687500	1.682651	70.700000	16.174725
440	33.075000	0.937500	1.842836	89.400000	11.886084
441	33.150000	4.250000	1.645378	79.820000	12.547660
442	33.225000	0.750000	1.952481	106.840000	12.958570
443	33.300000	-1.562500	1.967854	71.650000	12.013945
444	33.375000	0.000000	1.994412	69.120000	13.521419
445	33.450000	-2.312500	1.125425	92.140000	13.843893
446	33.525000	-0.437500	1.216385	82.190000	8.840017
447	33.600000	-1.125000	1.213695	64.980000	8.949825
448	33.675000	1.000000	1.258644	72.560000	8.780820
449	33.750000	1.250000	1.562474	67.760000	6.222864
450	33.825000	1.000000	1.509166	69.710000	5.175988
451	33.900000	-1.062500	1.531608	77.860000	4.812750
452	33.975000	3.687500	1.575279	80.990000	4.994179
453	34.050000	0.375000	1.641012	72.710000	5.890229
454	34.125000	-1.250000	1.615997	80.280000	5.100805
455	34.200000	-0.437500	1.582500	70.420000	9.068666
456	34.275000	-1.187500	0.726898	87.030000	8.783203
457	34.350000	0.562500	0.692641	79.430000	8.813429
458	34.425000	-0.687500	0.588609	57.040000	8.577568
459	34.500000	0.500000	0.620263	73.650000	8.530171
460	34.575000	0.062500	1.577504	71.800000	8.591668
461	34.650000	-0.062500	1.614467	69.200000	8.783906
462	34.725000	0.500000	1.588021	72.620000	6.244639
463	34.800000	4.500000	1.703581	87.290000	6.748175
464	34.875000	1.812500	1.760571	81.070000	7.093753
465	34.950000		1.664843		6.012023
466	35.025000		1.343750		3.110000
467	35.100000		0.000000		0.000000
468	35.175000				
469	35.250000				
470	35.325000		0.000000		0.000000
471	35.400000		0.125000		15.175000
472	35.475000		0.569021		13.191731
473	35.550000	0.750000	0.521744	53.390000	12.053648
474	35.625000	0.500000	1.564948	83.740000	12.621620
475	35.700000	1.812500	1.437349	78.170000	12.911310
476	35.775000	0.625000	1.437349	62.890000	12.911310
477	35.850000	-2.812500	1.567769	53.140000	11.653765
478	35.925000	-0.250000	1.534188	81.900000	10.445825
479	36.000000		1.202861		10.490309
480	36.075000	-1.875000	0.958489	60.890000	11.504174
481	36.150000	-1.000000	0.664057	76.050000	8.853550
482	36.225000		0.437500		7.580000
483	36.300000		0.437500		7.580000
484	36.375000		0.000000		0.000000
485	36.450000				
486	36.525000				
487	36.600000				
488	36.675000		0.000000		0.000000
489	36.750000		2.750000		7.820000
490	36.825000		2.750000		7.820000
491	36.900000	2.312500	2.750000	68.230000	7.820000
492	36.975000	7.812500	2.750000	52.590000	7.820000
493	37.050000		2.750000		7.820000
494	37.125000		2.750000		7.820000
495	37.200000		0.000000		0.000000
496	37.275000				
497	37.350000				
498	37.425000				
499	37.500000				
500	37.575000				
501	37.650000				
502	37.725000				
503	37.800000				
504	37.875000				
505	37.950000				
506	38.025000				
507	38.100000				
508	38.175000				
509	38.250000				
510	38.325000				
511	38.400000				
512	38.475000				
513	38.550000				
514	38.625000				
515	38.700000				
516	38.775000				
517	38.850000				
518	38.925000				
519	39.000000				
520	39.075000				
521	39.150000				
522	39.225000				
523	39.300000				
524	39.375000				
525	39.450000				
526	39.525000				
527	39.600000				
528	39.675000				
529	39.750000				
530	39.825000				
531	39.900000				
532	39.975000				
533	40.050000				
534	40.125000				
535	40.200000				
536	40.275000				
537	40.350000				
538	40.425000				
539	40.500000				
540	40.575000		0.000000		0.000000
541	40.650000		0.437500		2.275000
542	40.725000		0.437500		2.275000
543	40.800000	-0.750000	0.437500	64.540000	2.275000
544	40.875000	0.125000	0.437500	59.990000	2.275000
545	40.950000		0.437500		2.275000
546	41.025000		0.502597		8.136815
547	41.100000		0.627080		8.004483
548	41.175000		0.885355		6.702916
549	41.250000	-1.062500	0.778589	79.070000	6.214372
550	41.325000	0.375000	0.883530	65.620000	6.073100
551	41.400000	-1.750000	0.866526	64.190000	6.947651
552	41.475000	-0.500000	0.853601	74.750000	6.522717
553	41.550000	0.625000	0.851357	64.790000	5.977361
554	41.625000	-1.312500	0.755507	80.920000	5.770671
555	41.700000	-1.437500	1.007624	74.650000	6.508158
556	41.775000	-0.312500	1.011336	74.340000	6.540229
557	41.850000	-0.500000	0.826749	67.330000	6.075345
558	41.925000	-2.812500	0.884515	60.630000	5.214745
559	42.000000	-0.437500	0.927283	75.130000	7.191850
560	42.075000	-0.562500	1.345817	74.720000	7.600647
561	42.150000	-0.062500	1.342971	67.080000	7.872457
562	42.225000	0.250000	0.894819	84.810000	6.337884
563	42.300000	2.125000	0.941945	64.080000	6.826748
564	42.375000	-0.250000	0.973557	78.030000	7.464236
565	42.450000	-0.687500	0.961282	73.980000	8.361853
566	42.525000		1.125972		7.027321
567	42.600000		1.047616		14.135878
568	42.675000	0.187500	1.076652	62.770000	15.764399
569	42.750000	1.812500	0.766032	79.690000	17.669590
570	42.825000	1.812500	0.766032	105.730000	17.669590
571	42.900000		1.119780		15.345277
572	42.975000		1.093303		12.143684
573	43.050000		1.159202		13.562883
574	43.125000	-0.812500	1.125000	80.080000	2.730000
575	43.200000	1.437500	1.125000	74.620000	2.730000
576	43.275000		1.125000		2.730000
577	43.350000		1.125000		2.730000
578	43.425000		0.000000		0.000000
579	43.500000				
580	43.575000				
581	43.650000				
582	43.725000				
583	43.800000				
584	43.875000		0.000000		0.000000
585	43.950000		0.218750		3.940000
586	44.025000		0.858475		5.036295
587	44.100000	0.125000	0.858475	76.460000	5.036295
588	44.175000	-0.312500	0.858475	68.580000	5.036295
589	44.250000	-1.875000	0.858475	64.300000	5.036295
590	44.325000		1.061580		6.244389
591	44.400000		1.406163		6.153078
592	44.475000		1.420673		6.905188
593	44.550000	1.062500	1.431714	80.100000	5.386601
594	44.625000	-2.562500	1.318143	66.110000	4.968274
595	44.700000	-0.187500	1.217637	77.580000	4.661179
596	44.775000	0.812500	1.198958	77.140000	4.804429
597	44.850000	0.562500	1.157620	72.200000	5.951463
598	44.925000	-0.562500	0.888112	71.740000	6.079005
599	45.000000	-1.312500	1.098831	68.110000	8.587219
600	45.075000	-1.875000	1.051526	59.340000	10.362905
601	45.150000	-0.187500	1.118889	77.070000	10.837277
602	45.225000	1.437500	1.145366	52.370000	10.827894
603	45.300000	-1.000000	1.087528	86.340000	11.073836
604	45.375000	1.000000	1.013776	78.720000	9.900037
605	45.450000	-1.062500	1.238081	69.740000	9.848992
606	45.525000	-0.187500	1.302470	77.680000	9.366414
607	45.600000	-1.500000	1.310889	71.700000	9.381661
608	45.675000	1.812500	1.215467	69.540000	9.581871
609	45.750000	-2.125000	1.226436	97.180000	12.573130
610	45.825000	0.437500	1.375348	86.470000	12.923783
611	45.900000	-0.750000	1.329368	73.150000	13.431168
612	45.975000	0.437500	1.059005	54.140000	15.428967
613	46.050000	-2.062500	1.105413	66.510000	10.919232
614	46.125000	0.125000	1.181544	63.680000	7.239095
615	46.200000	0.250000	1.203603	51.460000	6.759272
616	46.275000	1.812500	1.209022	68.720000	5.942224
617	46.350000	1.250000	0.849670	65.730000	6.061223
618	46.425000	-0.937500	0.849670	70.430000	9.146884
619	46.500000	0.562500	1.010468	69.000000	6.408060
620	46.575000	-0.250000	0.896066	68.640000	6.690234
621	46.650000	0.125000	0.901211	85.340000	6.663801
622	46.725000	2.000000	0.954815	64.520000	6.869025
623	46.800000	0.687500	0.958315	76.420000	6.770783
624	46.875000	-0.562500	0.906239	65.950000	6.612417
625	46.950000	2.062500	1.427064	76.560000	5.910876
626	47.025000	0.937500	1.395430	74.980000	4.994757
627	47.100000	1.562500	1.425946	77.280000	7.357884
628	47.175000	-2.187500	1.374942	82.110000	7.663007
629	47.250000	1.750000	1.328228	81.880000	8.536243
630	47.325000	-0.250000	1.328228	61.020000	8.803858
631	47.400000	1.187500	1.248596	64.180000	9.330591
632	47.475000	-0.687500	1.264583	84.730000	9.400148
633	47.550000	0.937500	1.056895	69.040000	8.635554
634	47.625000	-0.500000	1.115536	83.310000	7.726488
635	47.700000	-2.250000	1.136211	65.310000	7.047168
636	47.775000	0.062500	1.320221	71.020000	6.503286
637	47.850000	0.812500	1.494783	77.450000	8.034241
638	47.925000	1.312500	1.432917	68.960000	6.960646
639	48.000000	2.125000	1.254329	63.080000	6.993409
640	48.075000	2.375000	1.315803	85.230000	7.545086
641	48.150000	0.500000	1.440486	72.070000	7.818198
642	48.225000	-1.625000	1.596811	65.070000	8.674726
643	48.300000		1.511916		8.716325
644	48.375000		0.882225		11.859141
645	48.450000		1.239802		11.648856
646	48.525000	-0.812500	1.115739	85.340000	7.921459
647	48.600000	-1.687500	1.142503	95.780000	7.099508
648	48.675000	1.375000	1.174638	73.490000	12.328773
649	48.750000	-0.437500	1.169472	83.140000	12.366821
650	48.825000	1.000000	1.256996	83.310000	12.932891
651	48.900000	-1.562500	1.034944	56.070000	9.949012
652	48.975000	0.875000	0.956900	65.920000	9.984486
653	49.050000	1.437500	0.950211	62.180000	8.373313
654	49.125000	-0.187500	0.917777	62.190000	5.475205
655	49.200000	-0.187500	0.917777	74.070000	4.163070
656	49.275000	0.812500	0.904478	64.180000	4.197175
657	49.350000	-0.187500	0.730726	70.520000	3.683606
658	49.425000	-1.562500	0.773443	68.900000	2.837226
659	49.500000	0.750000	0.797197	68.880000	2.559603
660	49.575000	-0.250000	0.747658	69.630000	1.880360
661	49.650000	0.625000	0.752759	71.890000	2.844802
662	49.725000	0.625000	0.374787	65.330000	3.421814
663	49.800000	-0.187500	0.610286	69.890000	3.573617
664	49.875000	0.312500	0.554435	62.820000	3.654713
665	49.950000	0.125000	0.589556	73.570000	4.356078
666	50.025000	1.687500	0.610286	71.800000	4.125563
667	50.100000	0.250000	0.695971	66.990000	4.773233
668	50.175000	-0.125000	0.736052	76.020000	4.327304
669	50.250000	-0.187500	0.729962	67.430000	4.199591
670	50.325000	1.437500	0.599213	62.910000	4.154281
671	50.400000	-0.187500	0.597614	73.710000	4.031361
672	50.475000	0.250000	0.605434	72.100000	3.324445
673	50.550000	1.062500	0.623084	69.040000	3.234924
674	50.625000	0.375000	0.439409	71.650000	1.627544
675	50.700000	-0.187500	0.412457	70.100000	1.937493
676	50.775000	-0.312500	0.412844	71.100000	1.955140
677	50.850000	0.312500	0.287106	73.790000	1.968144
678	50.925000	0.187500	0.303309	75.150000	2.031987
679	51.000000	0.187500	0.305926	71.000000	1.987001
680	51.075000	0.562500	0.237238	75.290000	2.629570
681	51.150000	-0.250000	0.256609	70.930000	2.653924
682	51.225000	0.437500	0.310581	70.380000	3.045293
683	51.300000	0.250000	0.313392	77.950000	2.962065
684	51.375000	-0.062500	0.575599	74.530000	6.838119
685	51.450000	0.687500	0.551297	77.980000	7.359743
686	51.525000	0.125000	0.565578	77.380000	15.180624
687	51.600000	1.625000	0.548930	57.240000	15.705605
688	51.675000		0.505181		20.731939
689	51.750000	0.875000	0.851176	108.740000	20.556419
690	51.825000	0.812500	0.892328	68.300000	22.194091
691	51.900000	1.500000	0.880978	114.400000	18.556904
692	51.975000	-0.875000	0.880978	84.860000	18.556904
693	52.050000		0.997828		19.067294
694	52.125000		1.187500		14.770000
695	52.200000		0.000000		0.000000
696	52.275000				
697	52.350000				
698	52.425000				
699	52.500000				
700	52.575000		0.000000		0.000000
701	52.650000		1.781250		6.170000
702	52.725000		1.507792		6.032657
703	52.800000	-0.562500	1.345566	67.650000	5.224803
704	52.875000	3.000000	1.203770	79.990000	4.673631
705	52.950000	0.375000	1.147584	66.780000	4.554319
706	53.025000	0.187500	1.065759	71.330000	4.287023
707	53.100000	0.812500	1.117963	71.280000	4.353440
708	53.175000	-0.125000	0.575737	67.130000	3.636233
709	53.250000	0.375000	0.596546	68.480000	3.649571
710	53.325000	-0.875000	0.618203	74.680000	3.623032
711	53.400000	-0.750000	0.516161	77.300000	3.663086
712	53.475000	0.562500	0.527617	76.700000	3.277929
713	53.550000	-0.500000	0.485110	72.440000	2.488735
714	53.625000	-0.562500	0.441220	70.630000	2.516879
715	53.700000	0.062500	0.381951	77.510000	2.285568
716	53.775000	0.062500	0.574490	72.940000	2.868856
717	53.850000	0.187500	0.566806	73.510000	3.753105
718	53.925000	-0.375000	0.554339	72.500000	3.869576
719	54.000000	1.250000	0.606475	79.290000	3.835659
720	54.075000	-0.437500	0.676763	67.210000	4.287577
721	54.150000		0.781181		4.944296
722	54.225000		0.843750		6.040000
723	54.300000		0.000000		0.000000
724	54.375000				
725	54.450000				
726	54.525000				
727	54.600000				
728	54.675000				
729	54.750000				
730	54.825000				
731	54.900000				
732	54.975000				
733	55.050000		0.000000		0.000000
734	55.125000		0.312500		1.560000
735	55.200000		0.367990		1.303747
736	55.275000	-0.562500	0.318689	69.580000	1.142727
737	55.350000	0.062500	0.294746	72.700000	1.961361
738	55.425000	-0.812500	0.365178	70.550000	2.010180
739	55.500000	-0.437500	0.516161	71.350000	2.160032
740	55.575000	-0.625000	0.505550	66.860000	2.569666
741	55.650000	0.187500	0.505550	72.660000	2.681526
742	55.725000	0.750000	0.436679	73.750000	2.771074
743	55.800000	-0.437500	0.693906	75.650000	4.327758
744	55.875000	0.062500	0.607668	74.170000	3.381322
745	55.950000	-0.125000	0.700310	69.680000	3.728001
746	56.025000	1.562500	0.697572	81.660000	3.863565
747	56.100000	0.375000	0.653679	75.090000	3.961674
748	56.175000	1.375000	0.647552	80.060000	4.587572
749	56.250000	0.687500	0.700765	72.350000	3.602846
750	56.325000	-0.187500	0.674683	78.010000	5.886876
751	56.400000	0.125000	0.722589	83.040000	5.929743
752	56.475000	1.750000	0.701115	81.470000	6.473180
753	56.550000	0.000000	0.774817	92.050000	5.183963
754	56.625000		0.797130		4.661681
755	56.700000		0.875000		5.290000
756	56.775000		1.562500		23.320000
757	56.850000		2.593750		20.110000
758	56.925000		2.186805		16.581424
759	57.000000	-3.125000	2.101606	45.410000	14.659288
760	57.075000	2.062500	2.012461	85.630000	13.579578
761	57.150000	0.625000	1.884352	70.420000	12.471300
762	57.225000	-2.250000	1.755640	73.960000	11.973680
763	57.300000	1.125000	1.323245	77.690000	7.850935
764	57.375000	0.812500	1.221295	66.960000	5.764341
765	57.450000	0.437500	1.339382	60.950000	6.440369
766	57.525000		0.281057		6.924037
767	57.600000		0.187500		3.005000
768	57.675000		0.000000		0.000000
769	57.750000				
770	57.825000				
771	57.900000				
772	57.975000				
773	58.050000				
774	58.125000				
775	58.200000				
776	58.275000				
777	58.350000				
778	58.425000				
779	58.500000				
780	58.575000				
781	58.650000				
782	58.725000				
783	58.800000				
784	58.875000				
785	58.950000				
786	59.025000				
787	59.100000				
788	59.175000				
789	59.250000				
790	59.325000				
791	59.400000				
792	59.475000				
793	59.550000				
794	59.625000				
795	59.700000				
796	59.775000				
797	59.850000				
798	59.925000				
799	60.000000				
800	60.075000				
801	60.150000				
802	60.225000				
803	60.300000				
804	60.375000				
805	60.450000				
806	60.525000				
807	60.600000				
808	60.675000				
809	60.750000				
810	60.825000				
811	60.900000				
812	60.975000				
813	61.050000				
814	61.125000				
815	61.200000				
816	61.275000				
817	61.350000				
818	61.425000				
819	61.500000				
820	61.575000				
821	61.650000				
822	61.725000				
823	61.800000				
824	61.875000				
825	61.950000				
826	62.025000				
827	62.100000				
828	62.175000				
829	62.250000		0.000000		0.000000
830	62.325000		1.125000		7.955000
831	62.400000		1.060660		8.425679
832	62.475000	-0.375000	1.157094	68.290000	7.557031
833	62.550000	-2.625000	1.088577	84.200000	6.785616
834	62.625000	-0.375000	1.071449	64.860000	6.238364
835	62.700000	0.500000	0.996486	67.910000	6.393058
836	62.775000	-1.562500	1.114749	69.820000	6.793756
837	62.850000	0.187500	0.706656	73.000000	5.470551
838	62.925000	-0.437500	0.706656	79.180000	4.430255
839	63.000000	0.750000	0.660473	81.340000	4.130498
840	63.075000	-0.312500	0.540455	72.940000	4.014847
841	63.150000	-0.375000	0.548138	74.100000	4.139591
842	63.225000	-0.625000	0.736570	80.560000	4.016260
843	63.300000	-1.062500	1.113025	70.390000	5.512244
844	63.375000		1.094890		6.124496
845	63.450000	1.000000	1.153243	77.800000	17.847425
846	63.525000	2.187500	1.041250	63.290000	17.866698
847	63.600000	0.250000	0.848303	66.060000	19.854039
848	63.675000	1.562500	0.987001	116.670000	19.146248
849	63.750000	0.312500	1.024181	76.030000	19.417653
850	63.825000	-0.312500	0.810388	54.840000	19.066608
851	63.900000	-0.875000	1.404314	60.470000	18.521715
852	63.975000	1.437500	1.276817	83.360000	10.642725
853	64.050000	0.312500	1.292517	83.810000	11.033015
854	64.125000	-2.875000	1.447310	81.500000	7.843864
855	64.200000	0.562500	1.418098	72.180000	4.517126
856	64.275000	-1.125000	1.360663	81.650000	5.240453
857	64.350000	1.437500	1.356085	74.590000	5.931653
858	64.425000	0.062500	0.807332	84.700000	6.232880
859	64.500000	1.000000	0.799593	88.150000	5.233260
860	64.575000	-0.500000	0.621162	89.080000	6.284306
861	64.650000	0.312500	0.536012	76.250000	5.980059
862	64.725000	0.375000	0.551841	79.100000	7.043144
863	64.800000	-0.187500	0.722608	72.030000	5.893390
864	64.875000	1.062500	0.675628	77.310000	3.733616
865	64.950000	0.812500	0.750637	68.820000	4.625382
866	65.025000	1.812500	0.763797	76.280000	5.869013
867	65.100000	-0.250000	0.722608	80.390000	5.355672
868	65.175000	-0.375000	0.690104	83.480000	5.317848
869	65.250000	0.062500	1.149465	87.060000	3.349543
870	65.325000	0.562500	0.881264	78.840000	3.500136
871	65.400000	0.312500	1.218807	78.880000	4.391631
872	65.475000	-2.312500	1.207637	78.650000	7.191410
873	65.550000	0.062500	1.208429	75.490000	6.723194
874	65.625000	2.125000	1.205456	87.980000	7.040080
875	65.700000	-0.062500	1.221878	64.710000	7.173654
876	65.775000	0.250000	0.804860	83.720000	7.164930
877	65.850000	-0.375000	0.911677	72.240000	7.467600
878	65.925000	0.625000	0.760660	81.440000	6.995688
879	66.000000	-0.375000	0.913075	77.300000	6.865943
880	66.075000	1.625000	1.154585	71.420000	7.762260
881	66.150000	-0.875000	1.133401	64.690000	8.319376
882	66.225000	-1.312500	1.323237	65.440000	7.191516
883	66.300000	1.937500	1.363472	56.520000	6.666643
884	66.375000	0.125000	1.285094	78.460000	7.932944
885	66.450000	2.187500	1.550747	72.520000	7.645166
886	66.525000	-0.750000	1.321911	73.060000	7.476555
887	66.600000	-0.312500	1.551106	81.090000	3.892658
888	66.675000	3.062500	1.680185	68.830000	4.400659
889	66.750000	0.625000	1.583255	76.100000	4.492822
890	66.825000	-1.750000	1.747903	78.030000	5.199590
891	66.900000	-1.375000	2.012477	81.780000	5.674507
892	66.975000	-1.687500	1.508849	71.750000	5.561587
893	67.050000	1.937500	1.601130	84.400000	5.679618
894	67.125000	-2.750000	1.589135	84.590000	5.849600
895	67.200000	0.000000	1.621120	69.330000	6.238643
896	67.275000	1.250000	1.470100	82.280000	5.887731
897	67.350000	0.750000	1.360604	74.900000	6.046410
898	67.425000	1.500000	0.608585	70.550000	4.901084
899	67.500000	1.312500	0.668988	77.080000	4.813409
900	67.575000	0.250000	0.900414	67.590000	3.665004
901	67.650000	1.750000	0.912725	69.390000	4.354780
902	67.725000	-0.250000	0.899972	77.030000	5.017995
903	67.800000	-0.875000	0.839761	76.100000	4.966544
904	67.875000	1.062500	0.844305	65.960000	4.847373
905	67.950000	-0.312500	0.691835	64.880000	5.591930
906	68.025000	0.750000	0.871714	76.770000	5.638365
907	68.100000	0.625000	0.749575	74.380000	5.567734
908	68.175000	0.937500	0.752123	81.080000	5.280056
909	68.250000	2.000000	0.554435	77.550000	3.934599
910	68.325000	2.000000	0.535417	74.230000	4.187580
911	68.400000	0.812500	0.634620	67.540000	5.293318
912	68.475000	0.812500	0.940683	77.800000	6.004838
913	68.550000	1.375000	1.154793	71.120000	5.900392
914	68.625000	0.125000	1.099629	65.620000	6.824129
915	68.700000	3.187500	1.112243	84.250000	6.249328
916	68.775000	-0.625000	1.144042	70.810000	6.311177
917	68.850000	1.250000	1.140203	82.750000	6.253179
918	68.925000	0.500000	1.110450	75.920000	4.947925
919	69.000000	0.187500	0.674683	71.370000	4.308714
920	69.075000	1.312500	0.443742	78.290000	4.466401
921	69.150000	1.375000	0.408378	81.160000	3.808114
922	69.225000	0.625000	0.414193	79.620000	4.036267
923	69.300000	0.500000	0.332162	70.080000	3.406408
924	69.375000	0.687500	0.288215	76.380000	3.518444
925	69.450000	1.125000	0.213540	79.980000	3.325196
926	69.525000	0.687500	0.205163	77.000000	2.934445
927	69.600000	0.750000	0.283473	74.690000	2.165962
928	69.675000	1.062500	0.330236	72.700000	3.569892
929	69.750000	0.750000	0.359368	75.470000	3.420241
930	69.825000	0.187500	0.866025	77.900000	3.715369
931	69.900000	1.250000	0.887304	84.400000	3.575895
932	69.975000	1.312500	0.875911	77.450000	3.669565
933	70.050000	-1.375000	0.860114	81.250000	4.958000
934	70.125000	-0.062500	0.871074	76.200000	4.998567
935	70.200000	-0.250000	0.788044	72.260000	3.944870
936	70.275000	0.500000	0.606749	68.320000	3.988672
937	70.350000	0.625000	0.362460	74.440000	3.251933
938	70.425000	-0.250000	0.435216	78.400000	3.996848
939	70.500000	-0.312500	0.479157	78.000000	3.891308
940	70.575000	0.312500	0.501115	73.820000	3.183990
941	70.650000	0.812500	0.497603	81.140000	3.176835
942	70.725000	1.062500	0.471273	77.910000	3.170257
943	70.800000	-0.062500	0.547344	71.000000	3.201164
944	70.875000	-0.062500	0.542516	78.900000	3.172291
945	70.950000	0.000000	0.538090	75.300000	2.974778
946	71.025000	1.375000	0.507595	78.430000	2.924604
947	71.100000	0.500000	0.713281	80.170000	2.212774
948	71.175000	0.750000	0.792684	74.190000	2.333855
949	71.250000	0.812500	0.787741	76.060000	2.290546
950	71.325000	-1.000000	0.679511	80.050000	2.259800
951	71.400000	-0.687500	0.688601	74.750000	4.330917
952	71.475000	0.437500	0.797197	75.770000	4.166711
953	71.550000	0.625000	0.776940	78.020000	4.498513
954	71.625000	0.625000	0.610025	87.660000	4.410001
955	71.700000	1.437500	0.413808	75.700000	4.724823
956	71.775000	0.500000	0.426333	73.160000	4.562523
957	71.850000	1.062500	0.424459	77.400000	4.599759
958	71.925000	0.062500	0.417070	83.760000	3.396611
959	72.000000	1.125000	0.404849	79.100000	3.253793
960	72.075000	0.937500	0.397898	81.670000	2.279435
961	72.150000	0.812500	0.393668	80.910000	2.017625
962	72.225000	1.375000	0.266065	77.000000	1.646476
963	72.300000	0.562500	0.550394	81.520000	2.576126
964	72.375000	0.625000	0.554722	81.860000	2.572616
965	72.450000	1.062500	0.553427	79.590000	3.222501
966	72.525000	-0.500000	0.500797	86.240000	2.559754
967	72.600000	1.000000	0.500797	81.480000	2.519129
968	72.675000	0.750000	0.577396	86.840000	4.710749
969	72.750000	1.000000	0.624745	80.980000	5.093536
970	72.825000	0.750000	0.483793	83.020000	5.101633
971	72.900000	1.500000	0.483793	71.590000	5.176819
972	72.975000	0.000000	0.499362	75.770000	4.270647
973	73.050000	0.125000	0.953645	73.600000	4.504965
974	73.125000	0.375000	0.998724	82.430000	4.227721
975	73.200000	0.250000	1.070014	74.730000	3.920039
976	73.275000	2.875000	1.175659	82.670000	5.791878
977	73.350000	0.000000	1.273316	81.150000	5.720600
978	73.425000	-0.812500	1.431749	83.470000	5.568484
979	73.500000	-1.000000	1.449457	66.880000	5.463072
980	73.575000	1.687500	1.209945	82.780000	5.534832
981	73.650000	-1.375000	1.209550	79.350000	5.610298
982	73.725000	0.875000	1.137193	82.870000	5.476759
983	73.800000	1.812500	0.999920	75.290000	2.521206
984	73.875000	0.375000	0.980112	82.210000	3.054289
985	73.950000	0.125000	0.618590	82.150000	4.904791
986	74.025000	0.250000	0.619105	80.620000	5.025353
987	74.100000	1.562500	0.480321	85.880000	4.113341
988	74.175000	0.437500	0.633614	92.680000	4.540392
989	74.250000	0.625000	0.606880	80.000000	4.625238
990	74.325000	0.000000	0.564410	81.380000	4.610998
991	74.400000	1.687500	0.502227	78.070000	5.040623
992	74.475000	1.125000	0.478325	80.410000	4.330569
993	74.550000	1.062500	0.539569	80.850000	4.776906
994	74.625000	0.750000	0.343025	89.100000	4.728288
995	74.700000	0.875000	0.273162	73.410000	4.889459
996	74.775000	1.687500	0.278365	74.750000	4.907376
997	74.850000	1.062500	0.316933	79.580000	4.965670
998	74.925000	1.125000	0.419168	83.590000	3.406816
999	75.000000	1.250000	0.472118	79.000000	4.783883
1000	75.075000	0.687500	0.444281	82.270000	4.271759
1001	75.150000	0.250000	0.651602	78.330000	4.993051
1002	75.225000	0.375000	0.724041	91.000000	6.615802
1003	75.300000	1.562500	0.657085	77.930000	6.550009
1004	75.375000	-0.500000	0.638003	89.800000	6.747977
1005	75.450000	-0.437500	0.646073	70.640000	6.731660
1006	75.525000	0.000000	0.736052	81.560000	5.358053
1007	75.600000	0.375000	0.614971	76.850000	5.358533
1008	75.675000	-0.062500	0.604775	78.650000	3.264794
1009	75.750000	1.187500	0.552707	77.590000	1.908108
1010	75.825000	1.000000	0.604775	80.450000	1.427790
1011	75.900000	-0.437500	0.654166	78.530000	1.712314
1012	75.975000	0.000000	0.987485	75.540000	1.963704
1013	76.050000	1.125000	0.932683	77.700000	4.848268
1014	76.125000	1.187500	0.872262	75.110000	7.796179
1015	76.200000	-1.562500	0.888561	80.470000	8.886888
1016	76.275000	-0.062500	0.895710	90.640000	9.074149
1017	76.350000	-0.125000	0.787336	97.130000	9.269214
1018	76.425000	-0.625000	0.550394	69.860000	8.910931
1019	76.500000	0.312500	0.453163	73.640000	8.874812
1020	76.575000	-0.500000	0.818122	87.550000	8.765695
1021	76.650000	-0.562500	0.859187	86.750000	6.769887
1022	76.725000	0.687500	0.834332	81.240000	6.659975
1023	76.800000	1.812500	0.957649	75.810000	5.370338
1024	76.875000	-0.625000	0.916560	87.530000	5.458563
1025	76.950000	-0.375000	0.819583	93.810000	5.719859
1026	77.025000	1.437500	0.819972	81.880000	5.694230
1027	77.100000	0.812500	0.692526	80.370000	5.208898
1028	77.175000	0.812500	0.635499	77.540000	6.392526
1029	77.250000	0.562500	0.614841	82.480000	4.554864
1030	77.325000	-0.125000	0.758771	88.710000	4.809193
1031	77.400000	-0.312500	0.858537	73.010000	4.815681
1032	77.475000	1.312500	1.014798	77.750000	4.882081
1033	77.550000	-1.062500	1.149257	84.780000	5.021659
1034	77.625000	1.500000	1.161470	79.920000	4.010588
1035	77.700000	1.937500	1.168040	85.350000	3.084180
1036	77.775000	-1.000000	1.121238	78.110000	2.587185
1037	77.850000	-0.312500	1.121238	81.930000	2.451167
1038	77.925000	1.187500	1.061036	85.200000	4.846285
1039	78.000000	0.312500	0.822980	82.620000	4.451708
1040	78.075000	-1.062500	0.715624	81.130000	4.797944
1041	78.150000	1.000000	0.938987	70.190000	4.790660
1042	78.225000	0.125000	1.018797	80.240000	4.551300
1043	78.300000	-0.125000	1.018170	85.750000	5.001410
1044	78.375000	2.062500	0.891249	81.620000	5.004075
1045	78.450000	-1.000000	0.860114	82.740000	3.022324
1046	78.525000	0.062500	0.876184	86.650000	5.443630
1047	78.600000	0.187500	0.884154	81.670000	7.406965
1048	78.675000	-0.187500	0.468559	89.200000	7.480851
1049	78.750000	-0.312500	0.384447	70.950000	7.554124
1050	78.825000	0.562500	0.476990	96.940000	8.184265
1051	78.900000	-0.500000	0.612242	80.400000	8.606945
1052	78.975000	-0.625000	0.637127	80.920000	8.251903
1053	79.050000	0.687500	0.621162	73.760000	7.091340
1054	79.125000	1.062500	0.661197	89.650000	4.703078
1055	79.200000	0.750000	0.882620	83.320000	4.965480
1056	79.275000	0.812500	0.846097	78.760000	6.504826
1057	79.350000	-0.312500	0.832419	76.690000	7.752511
1058	79.425000	-1.500000	0.720287	85.070000	7.168765
1059	79.500000	-0.250000	0.743595	93.220000	7.578526
1060	79.575000	-0.312500	0.657085	68.340000	7.532231
1061	79.650000	-0.250000	0.917603	83.230000	7.540788
1062	79.725000	0.875000	0.691719	88.320000	7.527613
1063	79.800000	0.187500	0.663484	79.630000	6.712234
1064	79.875000	1.625000	0.681268	89.330000	3.102247
1065	79.950000	-0.250000	0.705075	84.240000	4.231844
1066	80.025000	0.250000	0.669583	87.380000	4.227903
1067	80.100000	-0.437500	0.714509	84.950000	5.661238
1068	80.175000	-0.437500	0.274327	77.070000	8.012920
1069	80.250000	-0.187500	0.819485	88.290000	8.204439
1070	80.325000	-0.625000	0.847039	97.330000	8.102089
1071	80.400000	-0.562500	0.912289	70.100000	8.796912
1072	80.475000	1.875000	1.002150	79.150000	8.406090
1073	80.550000	0.625000	1.002627	85.500000	8.332838
1074	80.625000	-1.000000	1.094542	92.910000	7.306071
1075	80.700000	-1.250000	1.159065	81.430000	5.116501
1076	80.775000	-0.062500	0.870982	86.660000	4.938079
1077	80.850000	-1.437500	0.791174	91.850000	5.922625
1078	80.925000	0.937500	0.773752	80.030000	5.670918
1079	81.000000	0.125000	0.657933	92.550000	6.213092
1080	81.075000	-0.187500	0.728650	78.000000	7.891150
1081	81.150000	0.187500	0.568632	91.200000	7.745870
1082	81.225000	-0.250000	0.402083	95.690000	7.838334
1083	81.300000	-1.000000	0.491963	74.230000	7.414967
1084	81.375000	-0.562500	0.922110	90.240000	7.318255
1085	81.450000	0.125000	0.887574	79.230000	6.865420
1086	81.525000	0.625000	0.879997	81.960000	4.477882
1087	81.600000	-2.375000	0.865841	78.830000	4.008453
1088	81.675000	-0.312500	1.180126	80.370000	2.011402
1089	81.750000	-0.625000	1.182893	80.320000	2.862685
1090	81.825000	-0.687500	1.226956	76.810000	4.731190
1091	81.900000	1.750000	1.243221	83.500000	4.864317
1092	81.975000	0.187500	1.242323	74.380000	5.131580
1093	82.050000	1.000000	1.233824	90.190000	7.015395
1094	82.125000	-2.437500	1.353260	84.780000	7.498765
1095	82.200000	-0.250000	1.082237	86.510000	8.257230
1096	82.275000	-0.437500	1.068747	68.820000	8.249178
1097	82.350000	-1.750000	0.820360	72.530000	8.434483
1098	82.425000	-1.062500	0.686049	68.890000	8.256275
1099	82.500000	0.062500	0.686049	82.730000	7.793997
1100	82.575000	-0.687500	0.850045	91.140000	6.771262
1101	82.650000	0.500000	0.710144	82.430000	6.475743
1102	82.725000	-0.875000	0.591446	81.760000	4.666583
1103	82.800000	0.812500	0.712498	81.100000	4.541285
1104	82.875000	0.562500	0.628054	88.100000	4.467211
1105	82.950000	0.000000	0.630081	93.510000	4.454801
1106	83.025000	1.187500	0.972272	84.440000	4.218655
1107	83.100000	-0.062500	0.972272	90.660000	3.486181
1108	83.175000	0.000000	1.026126	82.540000	3.485754
1109	83.250000	-2.062500	1.026126	89.540000	3.111622
1110	83.325000	0.812500	0.866945	86.300000	3.434534
1111	83.400000	-1.125000	0.858815	88.050000	2.975667
1112	83.475000	0.000000	0.965277	82.100000	2.884242
1113	83.550000	-0.125000	0.730180	81.880000	2.530436
1114	83.625000	-0.312500	0.747018	87.760000	2.581882
1115	83.700000	0.875000	0.614971	83.260000	2.016431
1116	83.775000	1.062500	0.750000	82.450000	2.256720
1117	83.850000	-0.812500	0.832323	81.730000	2.886267
1118	83.925000	0.375000	0.909225	84.720000	4.121576
1119	84.000000	-1.062500	0.944827	86.910000	6.059581
1120	84.075000	1.062500	0.880359	90.230000	6.027294
1121	84.150000	1.437500	0.807234	93.770000	7.236358
1122	84.225000	-0.562500	0.960641	73.500000	7.552054
1123	84.300000	-0.062500	0.775502	87.160000	8.300753
1124	84.375000	0.312500	0.763589	98.280000	8.366056
1125	84.450000	1.687500	1.099266	95.450000	8.146389
1126	84.525000	1.187500	1.074623	79.490000	5.814130
1127	84.600000	0.750000	1.143415	91.700000	5.676673
1128	84.675000	-1.875000	1.151336	90.510000	5.270583
1129	84.750000	0.937500	0.994885	94.990000	4.706480
1130	84.825000	-0.750000	0.889368	88.900000	3.465221
1131	84.900000	-0.062500	0.793890	84.750000	3.482929
1132	84.975000	0.000000	1.914674	90.360000	4.897515
1133	85.050000	-0.625000	1.917586	95.850000	4.696661
1134	85.125000	-0.375000	1.858688	92.180000	4.713912
1135	85.200000	5.125000	1.862073	81.310000	4.602340
1136	85.275000	0.062500	1.854480	84.260000	5.846972
1137	85.350000	0.187500	1.784553	89.510000	5.295210
1138	85.425000	-0.125000	1.767992	85.940000	5.245726
1139	85.500000	0.187500	0.420497	98.710000	5.020437
1140	85.575000	0.562500	0.536458	89.920000	4.188221
1141	85.650000	-0.187500	0.539422	91.590000	5.199077
1142	85.725000	1.125000	0.544716	97.500000	4.980243
1143	85.800000	-0.687500	0.543544	91.580000	6.580437
1144	85.875000	0.312500	0.554003	83.230000	6.929703
1145	85.950000	0.625000	0.517549	87.660000	7.508920
1146	86.025000	0.312500	0.636877	105.170000	6.975835
1147	86.100000	0.687500	0.602927	85.950000	7.359908
1148	86.175000	0.250000	0.642361	83.580000	8.057861
1149	86.250000	-1.125000	0.617300	88.830000	8.494940
1150	86.325000	0.812500	1.171380	81.910000	6.050954
1151	86.400000	-0.375000	1.194628	99.780000	6.908956
1152	86.475000	0.250000	1.289481	82.540000	7.318271
1153	86.550000	2.937500	1.353726	93.120000	9.050335
1154	86.625000	-0.250000	1.453601	78.480000	8.730304
1155	86.700000		1.583410		8.811469
1156	86.775000	-1.437500	1.766316	101.550000	8.739386
1157	86.850000	-1.312500	0.532780	97.680000	10.087626
1158	86.925000		0.591461		6.545708
1159	87.000000		1.788909		18.836063
1160	87.075000		1.818835		18.645652
1161	87.150000	-0.125000	1.562500	86.140000	16.250000
1162	87.225000	3.000000	1.818835	53.640000	28.785581
1163	87.300000		1.901120		24.991772
1164	87.375000		1.824914		25.904035
1165	87.450000	-1.312500	2.033412	124.080000	28.482954
1166	87.525000	-1.937500	0.261871	92.040000	14.575251
1167	87.600000	-1.750000	1.845272	121.700000	18.390239
1168	87.675000		1.939555		18.414287
1169	87.750000		2.059835		15.928241
1170	87.825000	2.562500	1.902803	81.720000	18.292383
1171	87.900000	1.937500	0.312500	84.190000	1.235000
1172	87.975000		0.312500		1.235000
1173	88.050000		0.312500		1.235000
1174	88.125000		0.000000		0.000000
1175	88.200000				
1176	88.275000				
1177	88.350000				
1178	88.425000				
1179	88.500000				
1180	88.575000				
1181	88.650000				
1182	88.725000				
1183	88.800000				
1184	88.875000				
1185	88.950000				
1186	89.025000				
1187	89.100000				
1188	89.175000				
1189	89.250000				
1190	89.325000				
1191	89.400000				
1192	89.475000				
1193	89.550000				
1194	89.625000				
1195	89.700000				
1196	89.775000				
1197	89.850000				
1198	89.925000				
1199	90.000000				
1200	90.075000				
1201	90.150000				
1202	90.225000				
1203	90.300000				
1204	90.375000				
1205	90.450000				
1206	90.525000				
1207	90.600000				
1208	90.675000				
1209	90.750000				
1210	90.825000				
1211	90.900000				
1212	90.975000				
1213	91.050000				
1214	91.125000				
1215	91.200000				
1216	91.275000				
1217	91.350000				
1218	91.425000				
1219	91.500000				
1220	91.575000				
1221	91.650000				
1222	91.725000				
1223	91.800000				
1224	91.875000				
1225	91.950000				
1226	92.025000				
1227	92.100000				
1228	92.175000				
1229	92.250000				
1230	92.325000				
1231	92.400000				
1232	92.475000				
1233	92.550000				
1234	92.625000				
1235	92.700000				
1236	92.775000				
1237	92.850000				
1238	92.925000				
1239	93.000000				
1240	93.075000				
1241	93.150000				
1242	93.225000				
1243	93.300000				
1244	93.375000				
1245	93.450000				
1246	93.525000				
1247	93.600000				
1248	93.675000				
1249	93.750000				
1250	93.825000				
1251	93.900000				
1252	93.975000				
1253	94.050000				
1254	94.125000				
1255	94.200000				
1256	94.275000				
1257	94.350000				
1258	94.425000				
1259	94.500000				
1260	94.575000				
1261	94.650000				
1262	94.725000				
1263	94.800000				
1264	94.875000				
1265	94.950000				
1266	95.025000				
1267	95.100000				
1268	95.175000				
1269	95.250000				
1270	95.325000				
1271	95.400000				
1272	95.475000		0.000000		0.000000
1273	95.550000		2.093750		6.375000
1274	95.625000		2.093750		6.375000
1275	95.700000	3.937500	2.093750	105.390000	6.375000
1276	95.775000	-0.250000	2.093750	92.640000	6.375000
1277	95.850000		2.285788		5.543443
1278	95.925000		2.086215		4.896342
1279	96.000000		1.401990		8.204089
1280	96.075000	-1.375000	1.611321	103.060000	9.446119
1281	96.150000	-0.750000	1.611321	98.140000	9.446119
1282	96.225000	2.312500	1.611321	81.020000	9.446119
1283	96.300000		1.611321		9.446119
1284	96.375000		1.688143		7.383515
1285	96.450000		1.841601		10.562166
1286	96.525000		1.888378		15.357592
1287	96.600000	-1.625000	1.888378	94.630000	15.357592
1288	96.675000	2.250000	1.927076	68.770000	13.417079
1289	96.750000	2.500000	1.727715	105.360000	12.176633
1290	96.825000		1.727715		12.176633
1291	96.900000	-1.312500	1.517718	93.670000	13.317500
1292	96.975000	0.750000	1.558188	85.450000	8.169269
1293	97.050000		1.031250		4.110000
1294	97.125000		1.031250		4.110000
1295	97.200000		0.125000		6.915000
1296	97.275000		0.000000		0.000000
1297	97.350000		0.000000		0.000000
1298	97.425000	1.000000	0.000000	99.280000	0.000000
1299	97.500000		0.000000		0.000000
1300	97.575000		0.000000		0.000000
1301	97.650000		0.000000		0.000000
1302	97.725000				
1303	97.800000		0.000000		0.000000
1304	97.875000		2.312500		9.665000
1305	97.950000		2.312500		9.665000
1306	98.025000	-1.937500	2.312500	70.420000	9.665000
1307	98.100000	2.687500	2.312500	89.750000	9.665000
1308	98.175000		2.312500		9.665000
1309	98.250000		1.899379		9.314048
1310	98.325000		1.136515		4.051773
1311	98.400000		0.762056		4.323011
1312	98.475000	-0.062500	0.735538	90.580000	4.142216
1313	98.550000	1.687500	1.217964	98.730000	7.325897
1314	98.625000	1.375000	1.112635	100.510000	6.704856
1315	98.700000	1.750000	1.659658	100.700000	6.245844
1316	98.775000	-1.375000	1.580937	113.430000	4.783480
1317	98.850000	0.562500	1.723931	99.500000	6.201624
1318	98.925000	4.375000	1.782676	102.550000	11.230119
1319	99.000000	1.187500	1.815335	106.040000	11.850125
1320	99.075000	3.312500	1.454946	116.150000	11.206671
1321	99.150000	0.312500	1.516176	79.000000	11.443211
1322	99.225000	2.437500	1.353732	91.770000	12.304455
1323	99.300000	0.625000	1.353732	90.100000	11.222904
1324	99.375000	0.125000	0.954815	90.720000	5.202718
1325	99.450000	-1.000000	1.222791	80.970000	4.626819
1326	99.525000	0.750000	0.938657	93.690000	4.701024
1327	99.600000	0.937500	0.978360	86.540000	4.961399
1328	99.675000	-1.562500	1.082983	81.680000	5.076352
1329	99.750000		0.987223		9.701859
1330	99.825000		1.132354		10.276282
1331	99.900000		1.329503		10.866026
1332	99.975000	-0.125000	0.764668	107.420000	9.034230
1333	100.050000	1.375000	0.744354	83.850000	12.590190
1334	100.125000	1.812500	1.015505	100.270000	11.766892
1335	100.200000	1.625000	0.970466	90.410000	16.281501
1336	100.275000	0.437500	0.939411	71.350000	15.403062
1337	100.350000	-1.000000	0.899174	83.890000	17.256714
1338	100.425000	0.000000	1.033171	124.110000	17.304596
1339	100.500000	0.250000	0.822883	91.360000	17.191470
1340	100.575000	0.875000	0.806443	117.830000	13.688870
1341	100.650000	-1.687500	0.781135	91.220000	12.597189
1342	100.725000	0.125000	0.985303	99.230000	10.886169
1343	100.800000	0.250000	1.167289	104.750000	14.370403
1344	100.875000	0.750000	1.201615	118.920000	12.687699
1345	100.950000	1.812500	1.075735	94.890000	12.618891
1346	101.025000	-1.437500	1.534104	74.630000	12.911626
1347	101.100000	1.187500	1.491205	90.150000	13.553195
1348	101.175000	1.937500	1.485206	92.590000	11.364639
1349	101.250000	3.937500	1.609770	87.530000	11.146722
1350	101.325000	0.937500	1.327027	109.670000	9.675391
1351	101.400000	0.875000	1.360194	74.190000	9.803311
1352	101.475000	-0.625000	1.345343	90.510000	9.819600
1353	101.550000	0.312500	0.516335	94.000000	10.400541
1354	101.625000	0.375000	0.485090	96.100000	7.960233
1355	101.700000	0.187500	0.402628	93.720000	1.998204
1356	101.775000		0.077951		1.062115
1357	101.850000		0.093750		1.190000
1358	101.925000		0.000000		0.000000
1359	102.000000		0.000000		0.000000
1360	102.075000		0.656250		3.885000
1361	102.150000		0.656250		3.885000
1362	102.225000	1.250000	0.656250	109.200000	3.885000
1363	102.300000	2.562500	0.656250	116.970000	3.885000
1364	102.375000		0.656250		3.885000
1365	102.450000		0.656250		3.885000
1366	102.525000		0.000000		0.000000
1367	102.600000				
1368	102.675000				
1369	102.750000				
1370	102.825000				
1371	102.900000				
1372	102.975000				
1373	103.050000				
1374	103.125000				
1375	103.200000				
1376	103.275000				
1377	103.350000				
1378	103.425000				
1379	103.500000				
1380	103.575000				
1381	103.650000				
1382	103.725000				
1383	103.800000				
1384	103.875000				
1385	103.950000				
1386	104.025000				
1387	104.100000				
1388	104.175000				
1389	104.250000				
1390	104.325000				
1391	104.400000				
1392	104.475000				
1393	104.550000				
1394	104.625000				
1395	104.700000				
1396	104.775000				
1397	104.850000				
1398	104.925000				
1399	105.000000				
1400	105.075000				
1401	105.150000				
1402	105.225000				
1403	105.300000				
1404	105.375000				
1405	105.450000				
1406	105.525000				
1407	105.600000				
1408	105.675000				
1409	105.750000				
1410	105.825000				
1411	105.900000				
1412	105.975000				
1413	106.050000				
1414	106.125000				
1415	106.200000				
1416	106.275000				
1417	106.350000				
1418	106.425000				
1419	106.500000				
1420	106.575000				
1421	106.650000				
1422	106.725000				
1423	106.800000				
1424	106.875000				
1425	106.950000				
1426	107.025000				
1427	107.100000				
1428	107.175000				
1429	107.250000				
1430	107.325000				
1431	107.400000				
1432	107.475000				
1433	107.550000				
1434	107.625000				
1435	107.700000				
1436	107.775000				
1437	107.850000				
1438	107.925000				
1439	108.000000				
1440	108.075000				
1441	108.150000				
1442	108.225000				
1443	108.300000				
1444	108.375000				
1445	108.450000				
1446	108.525000				
1447	108.600000				
1448	108.675000				
1449	108.750000				
1450	108.825000				
1451	108.900000				
1452	108.975000				
1453	109.050000				
1454	109.125000				
1455	109.200000				
1456	109.275000				
1457	109.350000				
1458	109.425000				
1459	109.500000				
1460	109.575000				
1461	109.650000				
1462	109.725000				
1463	109.800000				
1464	109.875000				
1465	109.950000				
1466	110.025000				
1467	110.100000				
1468	110.175000				
1469	110.250000				
1470	110.325000				
1471	110.400000				
1472	110.475000				
1473	110.550000				
1474	110.625000				
1475	110.700000				
1476	110.775000				
1477	110.850000				
1478	110.925000				
1479	111.000000				
1480	111.075000				
1481	111.150000				
1482	111.225000				
1483	111.300000				
1484	111.375000				
1485	111.450000				
1486	111.525000				
1487	111.600000				
1488	111.675000				
1489	111.750000				
1490	111.825000				
1491	111.900000				
1492	111.975000				
1493	112.050000				
1494	112.125000				
1495	112.200000				
1496	112.275000				
1497	112.350000				
1498	112.425000				
1499	112.500000				
1500	112.575000				
1501	112.650000				
1502	112.725000				
1503	112.800000				
1504	112.875000				
1505	112.950000				
1506	113.025000				
1507	113.100000				
1508	113.175000				
1509	113.250000				
1510	113.325000				
1511	113.400000				
1512	113.475000				
1513	113.550000				
1514	113.625000				
1515	113.700000				
1516	113.775000				
1517	113.850000				
1518	113.925000				
1519	114.000000				
1520	114.075000				
1521	114.150000				
1522	114.225000				
1523	114.300000				
1524	114.375000				
1525	114.450000				
1526	114.525000				
1527	114.600000				
1528	114.675000				
1529	114.750000				
1530	114.825000				
1531	114.900000				
1532	114.975000				
1533	115.050000				
1534	115.125000				
1535	115.200000				
1536	115.275000				
1537	115.350000				
1538	115.425000				
1539	115.500000				
1540	115.575000				
1541	115.650000				
1542	115.725000				
1543	115.800000				
1544	115.875000				
1545	115.950000				
1546	116.025000				
1547	116.100000				
1548	116.175000				
1549	116.250000				
1550	116.325000				
1551	116.400000				
1552	116.475000				
1553	116.550000				
1554	116.625000				
1555	116.700000				
1556	116.775000				
1557	116.850000				
1558	116.925000				
1559	117.000000				
1560	117.075000				
1561	117.150000				
1562	117.225000				
1563	117.300000				
1564	117.375000				
1565	117.450000				
1566	117.525000				
1567	117.600000				
1568	117.675000				
1569	117.750000				
1570	117.825000				
1571	117.900000				
1572	117.975000				
1573	118.050000				
1574	118.125000				
1575	118.200000				
1576	118.275000				
1577	118.350000				
1578	118.425000				
1579	118.500000				
1580	118.575000				
1581	118.650000				
1582	118.725000				
1583	118.800000				
1584	118.875000				
1585	118.950000				
1586	119.025000				
1587	119.100000				
1588	119.175000				
1589	119.250000				
1590	119.325000				
1591	119.400000				
1592	119.475000				
1593	119.550000				
1594	119.625000				
1595	119.700000				
1596	119.775000				
1597	119.850000				
1598	119.925000				
1599	120.000000				
1600	120.075000				
1601	120.150000				
1602	120.225000				
1603	120.300000				
1604	120.375000				
1605	120.450000				
1606	120.525000				
1607	120.600000				
1608	120.675000				
1609	120.750000				
1610	120.825000				
1611	120.900000				
1612	120.975000				
1613	121.050000				
1614	121.125000				
1615	121.200000				
1616	121.275000				
1617	121.350000				
1618	121.425000				
1619	121.500000				
1620	121.575000				
1621	121.650000				
1622	121.725000				
1623	121.800000				
1624	121.875000				
1625	121.950000				
1626	122.025000				
1627	122.100000				
1628	122.175000				
1629	122.250000				
1630	122.325000				
1631	122.400000				
1632	122.475000				
1633	122.550000				
1634	122.625000				
1635	122.700000				
1636	122.775000				
1637	122.850000				
1638	122.925000				
1639	123.000000				
1640	123.075000				
1641	123.150000				
1642	123.225000				
1643	123.300000				
1644	123.375000				
1645	123.450000				
1646	123.525000				
1647	123.600000				
1648	123.675000				
1649	123.750000				
1650	123.825000				
1651	123.900000				
1652	123.975000				
1653	124.050000				
1654	124.125000				
1655	124.200000				
1656	124.275000				
1657	124.350000				
1658	124.425000				
1659	124.500000				
1660	124.575000				
1661	124.650000				
1662	124.725000				
1663	124.800000				
1664	124.875000				
1665	124.950000				
1666	125.025000				
1667	125.100000				
1668	125.175000				
1669	125.250000				
1670	125.325000				
1671	125.400000				
1672	125.475000				
1673	125.550000				
1674	125.625000				
1675	125.700000				
1676	125.775000				
1677	125.850000				
1678	125.925000				
1679	126.000000				
1680	126.075000				
1681	126.150000				
1682	126.225000				
1683	126.300000				
1684	126.375000				
1685	126.450000				
1686	126.525000				
1687	126.600000				
1688	126.675000				
1689	126.750000				
1690	126.825000				
1691	126.900000				
1692	126.975000				
1693	127.050000				
1694	127.125000				
1695	127.200000				
1696	127.275000				
1697	127.350000				
1698	127.425000				
1699	127.500000				
1700	127.575000				
1701	127.650000				
1702	127.725000				
1703	127.800000				
1704	127.875000				
1705	127.950000				
1706	128.025000				
1707	128.100000				
1708	128.175000				
1709	128.250000				
1710	128.325000				
1711	128.400000				
1712	128.475000				
1713	128.550000				
1714	128.625000				
1715	128.700000				
1716	128.775000				
1717	128.850000				
1718	128.925000				
1719	129.000000				
1720	129.075000				
1721	129.150000				
1722	129.225000				
1723	129.300000				
1724	129.375000				
1725	129.450000				
1726	129.525000				
1727	129.600000				
1728	129.675000				
1729	129.750000				
1730	129.825000				
1731	129.900000				
1732	129.975000				
1733	130.050000				
1734	130.125000				
1735	130.200000				
1736	130.275000				
1737	130.350000				
1738	130.425000				
1739	130.500000				
1740	130.575000				
1741	130.650000				
1742	130.725000				
1743	130.800000				
1744	130.875000				
1745	130.950000				
1746	131.025000				
1747	131.100000				
1748	131.175000				
1749	131.250000				
1750	131.325000				
1751	131.400000				
1752	131.475000				
1753	131.550000				
1754	131.625000				
1755	131.700000				
1756	131.775000				
1757	131.850000				
1758	131.925000				
1759	132.000000				
1760	132.075000				
1761	132.150000				
1762	132.225000				
1763	132.300000				
1764	132.375000				
1765	132.450000				
1766	132.525000				
1767	132.600000				
1768	132.675000				
1769	132.750000				
1770	132.825000				
1771	132.900000				
1772	132.975000				
1773	133.050000				
1774	133.125000				
1775	133.200000				
1776	133.275000				
1777	133.350000				
1778	133.425000				
1779	133.500000				
1780	133.575000				
1781	133.650000				
1782	133.725000				
1783	133.800000				
1784	133.875000				
1785	133.950000				
1786	134.025000				
1787	134.100000				
1788	134.175000				
1789	134.250000				
1790	134.325000				
1791	134.400000				
1792	134.475000				
1793	134.550000				
1794	134.625000				
1795	134.700000				
1796	134.775000				
1797	134.850000				
1798	134.925000				
1799	135.000000				
1800	135.075000				
1801	135.150000				
1802	135.225000				
1803	135.300000				
1804	135.375000				
1805	135.450000				
1806	135.525000				
1807	135.600000				
1808	135.675000				
1809	135.750000				
1810	135.825000				
1811	135.900000				
1812	135.975000				
1813	136.050000				
1814	136.125000				
1815	136.200000				
1816	136.275000				
1817	136.350000				
1818	136.425000				
1819	136.500000				
1820	136.575000				
1821	136.650000				
1822	136.725000				
1823	136.800000				
1824	136.875000				
1825	136.950000				
1826	137.025000				
1827	137.100000				
1828	137.175000				
1829	137.250000				
1830	137.325000				
1831	137.400000				
1832	137.475000				
1833	137.550000				
1834	137.625000				
1835	137.700000				
1836	137.775000				
1837	137.850000				
1838	137.925000				
1839	138.000000				
1840	138.075000				
1841	138.150000				
1842	138.225000				
1843	138.300000				
1844	138.375000				
1845	138.450000				
1846	138.525000				
1847	138.600000				
1848	138.675000				
1849	138.750000				
1850	138.825000				
1851	138.900000				
1852	138.975000				
1853	139.050000				
1854	139.125000				
1855	139.200000				
1856	139.275000				
1857	139.350000				
1858	139.425000				
1859	139.500000				
1860	139.575000				
1861	139.650000				
1862	139.725000				
1863	139.800000				
1864	139.875000				
1865	139.950000				
